0.2768,-0.3914,0.3914,-0.3913,0.3912,-0.3911,0.3910,-0.3908,0.3906,-0.3904,0.3902,-0.3899,0.3896,-0.3893,0.3890,-0.3886,0.3882,-0.3878,0.3874,-0.3869,0.3864,-0.3859,0.3854,-0.3848,0.3842,-0.3836,0.3830,-0.3823,0.3816,-0.3809,0.3802,-0.3794
0.0000,0.0000,0.0000,0.0000,0.0000,0.0000,0.0000,0.0000,0.0000,0.0000,0.0000,0.0000,0.0000,0.0000,0.0000,0.0000,0.0000,0.0000,0.0000,0.0000,0.0000,0.0000,0.0000,0.0000,0.0000,0.0000,0.0000,0.0000,0.0000,0.0000,0.0000,0.0000
0.0000,0.0000,0.0000,0.0000,0.0000,0.0000,0.0000,0.0000,0.0000,0.0000,0.0000,0.0000,0.0000,0.0000,0.0000,0.0000,0.0000,0.0000,0.0000,0.0000,0.0000,0.0000,0.0000,0.0000,0.0000,0.0000,0.0000,0.0000,0.0000,0.0000,0.0000,0.0000
0.0000,0.0000,0.0000,0.0000,0.0000,0.0000,0.0000,0.0000,0.0000,0.0000,0.0000,0.0000,0.0000,0.0000,0.0000,0.0000,0.0000,0.0000,0.0000,0.0000,0.0000,0.0000,0.0000,0.0000,0.0000,0.0000,0.0000,0.0000,0.0000,0.0000,0.0000,0.0000
0.0603,-0.0852,0.0852,-0.0852,0.0852,-0.0852,0.0851,-0.0851,0.0851,-0.0850,0.0850,-0.0849,0.0849,-0.0848,0.0847,-0.0846,0.0845,-0.0845,0.0844,-0.0843,0.0842,-0.0840,0.0839,-0.0838,0.0837,-0.0835,0.0834,-0.0833,0.0831,-0.0830,0.0828,-0.0826
0.0000,0.0000,0.0000,0.0000,0.0000,0.0000,0.0000,0.0000,0.0000,0.0000,0.0000,0.0000,0.0000,0.0000,0.0000,0.0000,0.0000,0.0000,0.0000,0.0000,0.0000,0.0000,0.0000,0.0000,0.0000,0.0000,0.0000,0.0000,0.0000,0.0000,0.0000,0.0000
0.0000,0.0000,0.0000,0.0000,0.0000,0.0000,0.0000,0.0000,0.0000,0.0000,0.0000,0.0000,0.0000,0.0000,0.0000,0.0000,0.0000,0.0000,0.0000,0.0000,0.0000,0.0000,0.0000,0.0000,0.0000,0.0000,0.0000,0.0000,0.0000,0.0000,0.0000,0.0000
0.0663,-0.0937,0.0937,-0.0937,0.0937,-0.0937,0.0936,-0.0936,0.0935,-0.0935,0.0934,-0.0934,0.0933,-0.0932,0.0931,-0.0931,0.0930,-0.0929,0.0928,-0.0926,0.0925,-0.0924,0.0923,-0.0921,0.0920,-0.0919,0.0917,-0.0915,0.0914,-0.0912,0.0910,-0.0909
0.2716,-0.3840,0.3840,-0.3839,0.3839,-0.3838,0.3836,-0.3835,0.3833,-0.3831,0.3828,-0.3826,0.3823,-0.3820,0.3816,-0.3813,0.3809,-0.3805,0.3801,-0.3796,0.3791,-0.3786,0.3781,-0.3776,0.3770,-0.3764,0.3758,-0.3751,0.3744,-0.3737,0.3730,-0.3723
0.1721,-0.2434,0.2434,-0.2433,0.2433,-0.2432,0.2431,-0.2430,0.2429,-0.2428,0.2426,-0.2425,0.2423,-0.2421,0.2419,-0.2416,0.2414,-0.2412,0.2409,-0.2406,0.2403,-0.2400,0.2396,-0.2393,0.2389,-0.2385,0.2381,-0.2377,0.2373,-0.2369,0.2364,-0.2359
0.0242,-0.0342,0.0342,-0.0342,0.0342,-0.0342,0.0342,-0.0342,0.0342,-0.0342,0.0341,-0.0341,0.0341,-0.0341,0.0340,-0.0340,0.0340,-0.0339,0.0339,-0.0338,0.0338,-0.0338,0.0337,-0.0337,0.0336,-0.0336,0.0335,-0.0334,0.0334,-0.0333,0.0333,-0.0332
0.0000,0.0000,0.0000,0.0000,0.0000,0.0000,0.0000,0.0000,0.0000,0.0000,0.0000,0.0000,0.0000,0.0000,0.0000,0.0000,0.0000,0.0000,0.0000,0.0000,0.0000,0.0000,0.0000,0.0000,0.0000,0.0000,0.0000,0.0000,0.0000,0.0000,0.0000,0.0000
0.0000,0.0000,0.0000,0.0000,0.0000,0.0000,0.0000,0.0000,0.0000,0.0000,0.0000,0.0000,0.0000,0.0000,0.0000,0.0000,0.0000,0.0000,0.0000,0.0000,0.0000,0.0000,0.0000,0.0000,0.0000,0.0000,0.0000,0.0000,0.0000,0.0000,0.0000,0.0000
0.0000,0.0000,0.0000,0.0000,0.0000,0.0000,0.0000,0.0000,0.0000,0.0000,0.0000,0.0000,0.0000,0.0000,0.0000,0.0000,0.0000,0.0000,0.0000,0.0000,0.0000,0.0000,0.0000,0.0000,0.0000,0.0000,0.0000,0.0000,0.0000,0.0000,0.0000,0.0000
0.0000,0.0000,0.0000,0.0000,0.0000,0.0000,0.0000,0.0000,0.0000,0.0000,0.0000,0.0000,0.0000,0.0000,0.0000,0.0000,0.0000,0.0000,0.0000,0.0000,0.0000,0.0000,0.0000,0.0000,0.0000,0.0000,0.0000,0.0000,0.0000,0.0000,0.0000,0.0000
0.0000,0.0000,0.0000,0.0000,0.0000,0.0000,0.0000,0.0000,0.0000,0.0000,0.0000,0.0000,0.0000,0.0000,0.0000,0.0000,0.0000,0.0000,0.0000,0.0000,0.0000,0.0000,0.0000,0.0000,0.0000,0.0000,0.0000,0.0000,0.0000,0.0000,0.0000,0.0000
0.0000,0.0000,0.0000,0.0000,0.0000,0.0000,0.0000,0.0000,0.0000,0.0000,0.0000,0.0000,0.0000,0.0000,0.0000,0.0000,0.0000,0.0000,0.0000,0.0000,0.0000,0.0000,0.0000,0.0000,0.0000,0.0000,0.0000,0.0000,0.0000,0.0000,0.0000,0.0000
0.0000,0.0000,0.0000,0.0000,0.0000,0.0000,0.0000,0.0000,0.0000,0.0000,0.0000,0.0000,0.0000,0.0000,0.0000,0.0000,0.0000,0.0000,0.0000,0.0000,0.0000,0.0000,0.0000,0.0000,0.0000,0.0000,0.0000,0.0000,0.0000,0.0000,0.0000,0.0000
0.0000,0.0000,0.0000,0.0000,0.0000,0.0000,0.0000,0.0000,0.0000,0.0000,0.0000,0.0000,0.0000,0.0000,0.0000,0.0000,0.0000,0.0000,0.0000,0.0000,0.0000,0.0000,0.0000,0.0000,0.0000,0.0000,0.0000,0.0000,0.0000,0.0000,0.0000,0.0000
0.0000,0.0000,0.0000,0.0000,0.0000,0.0000,0.0000,0.0000,0.0000,0.0000,0.0000,0.0000,0.0000,0.0000,0.0000,0.0000,0.0000,0.0000,0.0000,0.0000,0.0000,0.0000,0.0000,0.0000,0.0000,0.0000,0.0000,0.0000,0.0000,0.0000,0.0000,0.0000
0.0000,0.0000,0.0000,0.0000,0.0000,0.0000,0.0000,0.0000,0.0000,0.0000,0.0000,0.0000,0.0000,0.0000,0.0000,0.0000,0.0000,0.0000,0.0000,0.0000,0.0000,0.0000,0.0000,0.0000,0.0000,0.0000,0.0000,0.0000,0.0000,0.0000,0.0000,0.0000
0.0000,0.0000,0.0000,0.0000,0.0000,0.0000,0.0000,0.0000,0.0000,0.0000,0.0000,0.0000,0.0000,0.0000,0.0000,0.0000,0.0000,0.0000,0.0000,0.0000,0.0000,0.0000,0.0000,0.0000,0.0000,0.0000,0.0000,0.0000,0.0000,0.0000,0.0000,0.0000
0.0000,0.0000,0.0000,0.0000,0.0000,0.0000,0.0000,0.0000,0.0000,0.0000,0.0000,0.0000,0.0000,0.0000,0.0000,0.0000,0.0000,0.0000,0.0000,0.0000,0.0000,0.0000,0.0000,0.0000,0.0000,0.0000,0.0000,0.0000,0.0000,0.0000,0.0000,0.0000
0.0000,0.0000,0.0000,0.0000,0.0000,0.0000,0.0000,0.0000,0.0000,0.0000,0.0000,0.0000,0.0000,0.0000,0.0000,0.0000,0.0000,0.0000,0.0000,0.0000,0.0000,0.0000,0.0000,0.0000,0.0000,0.0000,0.0000,0.0000,0.0000,0.0000,0.0000,0.0000
0.0000,0.0000,0.0000,0.0000,0.0000,0.0000,0.0000,0.0000,0.0000,0.0000,0.0000,0.0000,0.0000,0.0000,0.0000,0.0000,0.0000,0.0000,0.0000,0.0000,0.0000,0.0000,0.0000,0.0000,0.0000,0.0000,0.0000,0.0000,0.0000,0.0000,0.0000,0.0000
0.0000,0.0000,0.0000,0.0000,0.0000,0.0000,0.0000,0.0000,0.0000,0.0000,0.0000,0.0000,0.0000,0.0000,0.0000,0.0000,0.0000,0.0000,0.0000,0.0000,0.0000,0.0000,0.0000,0.0000,0.0000,0.0000,0.0000,0.0000,0.0000,0.0000,0.0000,0.0000
0.0000,0.0000,0.0000,0.0000,0.0000,0.0000,0.0000,0.0000,0.0000,0.0000,0.0000,0.0000,0.0000,0.0000,0.0000,0.0000,0.0000,0.0000,0.0000,0.0000,0.0000,0.0000,0.0000,0.0000,0.0000,0.0000,0.0000,0.0000,0.0000,0.0000,0.0000,0.0000
0.0000,0.0000,0.0000,0.0000,0.0000,0.0000,0.0000,0.0000,0.0000,0.0000,0.0000,0.0000,0.0000,0.0000,0.0000,0.0000,0.0000,0.0000,0.0000,0.0000,0.0000,0.0000,0.0000,0.0000,0.0000,0.0000,0.0000,0.0000,0.0000,0.0000,0.0000,0.0000
0.0000,0.0000,0.0000,0.0000,0.0000,0.0000,0.0000,0.0000,0.0000,0.0000,0.0000,0.0000,0.0000,0.0000,0.0000,0.0000,0.0000,0.0000,0.0000,0.0000,0.0000,0.0000,0.0000,0.0000,0.0000,0.0000,0.0000,0.0000,0.0000,0.0000,0.0000,0.0000
0.0000,0.0000,0.0000,0.0000,0.0000,0.0000,0.0000,0.0000,0.0000,0.0000,0.0000,0.0000,0.0000,0.0000,0.0000,0.0000,0.0000,0.0000,0.0000,0.0000,0.0000,0.0000,0.0000,0.0000,0.0000,0.0000,0.0000,0.0000,0.0000,0.0000,0.0000,0.0000
0.0000,0.0000,0.0000,0.0000,0.0000,0.0000,0.0000,0.0000,0.0000,0.0000,0.0000,0.0000,0.0000,0.0000,0.0000,0.0000,0.0000,0.0000,0.0000,0.0000,0.0000,0.0000,0.0000,0.0000,0.0000,0.0000,0.0000,0.0000,0.0000,0.0000,0.0000,0.0000
0.0000,0.0000,0.0000,0.0000,0.0000,0.0000,0.0000,0.0000,0.0000,0.0000,0.0000,0.0000,0.0000,0.0000,0.0000,0.0000,0.0000,0.0000,0.0000,0.0000,0.0000,0.0000,0.0000,0.0000,0.0000,0.0000,0.0000,0.0000,0.0000,0.0000,0.0000,0.0000
0.0000,0.0000,0.0000,0.0000,0.0000,0.0000,0.0000,0.0000,0.0000,0.0000,0.0000,0.0000,0.0000,0.0000,0.0000,0.0000,0.0000,0.0000,0.0000,0.0000,0.0000,0.0000,0.0000,0.0000,0.0000,0.0000,0.0000,0.0000,0.0000,0.0000,0.0000,0.0000
0.0000,0.0000,0.0000,0.0000,0.0000,0.0000,0.0000,0.0000,0.0000,0.0000,0.0000,0.0000,0.0000,0.0000,0.0000,0.0000,0.0000,0.0000,0.0000,0.0000,0.0000,0.0000,0.0000,0.0000,0.0000,0.0000,0.0000,0.0000,0.0000,0.0000,0.0000,0.0000
0.0000,0.0000,0.0000,0.0000,0.0000,0.0000,0.0000,0.0000,0.0000,0.0000,0.0000,0.0000,0.0000,0.0000,0.0000,0.0000,0.0000,0.0000,0.0000,0.0000,0.0000,0.0000,0.0000,0.0000,0.0000,0.0000,0.0000,0.0000,0.0000,0.0000,0.0000,0.0000
0.0000,0.0000,0.0000,0.0000,0.0000,0.0000,0.0000,0.0000,0.0000,0.0000,0.0000,0.0000,0.0000,0.0000,0.0000,0.0000,0.0000,0.0000,0.0000,0.0000,0.0000,0.0000,0.0000,0.0000,0.0000,0.0000,0.0000,0.0000,0.0000,0.0000,0.0000,0.0000
0.0000,0.0000,0.0000,0.0000,0.0000,0.0000,0.0000,0.0000,0.0000,0.0000,0.0000,0.0000,0.0000,0.0000,0.0000,0.0000,0.0000,0.0000,0.0000,0.0000,0.0000,0.0000,0.0000,0.0000,0.0000,0.0000,0.0000,0.0000,0.0000,0.0000,0.0000,0.0000
0.0000,0.0000,0.0000,0.0000,0.0000,0.0000,0.0000,0.0000,0.0000,0.0000,0.0000,0.0000,0.0000,0.0000,0.0000,0.0000,0.0000,0.0000,0.0000,0.0000,0.0000,0.0000,0.0000,0.0000,0.0000,0.0000,0.0000,0.0000,0.0000,0.0000,0.0000,0.0000
0.0000,0.0000,0.0000,0.0000,0.0000,0.0000,0.0000,0.0000,0.0000,0.0000,0.0000,0.0000,0.0000,0.0000,0.0000,0.0000,0.0000,0.0000,0.0000,0.0000,0.0000,0.0000,0.0000,0.0000,0.0000,0.0000,0.0000,0.0000,0.0000,0.0000,0.0000,0.0000
0.0000,0.0000,0.0000,0.0000,0.0000,0.0000,0.0000,0.0000,0.0000,0.0000,0.0000,0.0000,0.0000,0.0000,0.0000,0.0000,0.0000,0.0000,0.0000,0.0000,0.0000,0.0000,0.0000,0.0000,0.0000,0.0000,0.0000,0.0000,0.0000,0.0000,0.0000,0.0000
0.2963,0.4147,0.4018,0.3805,0.3515,0.3153,0.2729,0.2250,0.1729,0.1178,0.0608,0.0032,-0.0537,-0.1087,-0.1606,-0.2083,-0.2509,-0.2874,-0.3173,-0.3399,-0.3550,-0.3624,-0.3622,-0.3545,-0.3396,-0.3183,-0.2911,-0.2588,-0.2223,-0.1826,-0.1407,-0.0977
0.0000,0.0000,0.0000,0.0000,0.0000,0.0000,0.0000,0.0000,0.0000,0.0000,0.0000,0.0000,0.0000,0.0000,0.0000,0.0000,0.0000,0.0000,0.0000,0.0000,0.0000,0.0000,0.0000,0.0000,0.0000,0.0000,0.0000,0.0000,0.0000,0.0000,0.0000,0.0000
0.0000,0.0000,0.0000,0.0000,0.0000,0.0000,0.0000,0.0000,0.0000,0.0000,0.0000,0.0000,0.0000,0.0000,0.0000,0.0000,0.0000,0.0000,0.0000,0.0000,0.0000,0.0000,0.0000,0.0000,0.0000,0.0000,0.0000,0.0000,0.0000,0.0000,0.0000,0.0000
0.0000,0.0000,0.0000,0.0000,0.0000,0.0000,0.0000,0.0000,0.0000,0.0000,0.0000,0.0000,0.0000,0.0000,0.0000,0.0000,0.0000,0.0000,0.0000,0.0000,0.0000,0.0000,0.0000,0.0000,0.0000,0.0000,0.0000,0.0000,0.0000,0.0000,0.0000,0.0000
0.1338,0.1878,0.1837,0.1770,0.1677,0.1560,0.1421,0.1260,0.1082,0.0888,0.0682,0.0465,0.0242,0.0015,-0.0212,-0.0436,-0.0653,-0.0861,-0.1057,-0.1238,-0.1400,-0.1543,-0.1663,-0.1759,-0.1830,-0.1874,-0.1891,-0.1881,-0.1844,-0.1780,-0.1691,-0.1577
0.1135,0.1583,0.1515,0.1405,0.1255,0.1070,0.0854,0.0614,0.0357,0.0090,-0.0180,-0.0444,-0.0697,-0.0929,-0.1135,-0.1309,-0.1447,-0.1543,-0.1595,-0.1603,-0.1565,-0.1483,-0.1359,-0.1197,-0.1001,-0.0777,-0.0530,-0.0269,-0.0000,0.0269,0.0530,0.0777
0.0406,0.0566,0.0542,0.0502,0.0449,0.0382,0.0305,0.0220,0.0128,0.0032,-0.0064,-0.0159,-0.0249,-0.0332,-0.0406,-0.0468,-0.0517,-0.0552,-0.0570,-0.0573,-0.0560,-0.0530,-0.0486,-0.0428,-0.0358,-0.0278,-0.0190,-0.0096,-0.0000,0.0096,0.0190,0.0278
0.8108,1.1333,1.0938,1.0290,0.9407,0.8308,0.7023,0.5582,0.4021,0.2378,0.0694,-0.0991,-0.2636,-0.4201,-0.5650,-0.6948,-0.8066,-0.8980,-0.9669,-1.0119,-1.0325,-1.0284,-1.0001,-0.9488,-0.8761,-0.7843,-0.6760,-0.5543,-0.4224,-0.2840,-0.1426,-0.0020
0.8376,1.1703,1.1276,1.0577,0.9625,0.8443,0.7064,0.5523,0.3859,0.2116,0.0338,-0.1430,-0.3142,-0.4757,-0.6234,-0.7538,-0.8638,-0.9509,-1.0133,-1.0498,-1.0599,-1.0438,-1.0025,-0.9376,-0.8511,-0.7459,-0.6250,-0.4920,-0.3506,-0.2047,-0.0583,0.0849
2.0495,2.1897,2.7878,1.9753,2.4660,1.5666,1.9626,1.0017,1.3235,0.3331,0.6066,-0.3774,-0.1239,-1.0651,-0.8037,-1.6681,-1.3747,-2.1337,-1.7903,-2.4228,-2.0195,-2.5137,-2.0499,-2.4038,-1.8880,-2.1092,-1.5583,-1.6625,-1.1002,-1.1093,-0.5637,-0.5032
2.6826,2.9717,3.6132,2.6211,3.0930,1.9617,2.2943,1.0719,1.3101,0.0562,0.2533,-0.9681,-0.7582,-1.8862,-1.6158,-2.5997,-2.2337,-3.0380,-2.5583,-3.1664,-2.5736,-2.9881,-2.3010,-2.5418,-1.7942,-1.8948,-1.1307,-1.1323,-0.3998,-0.3457,0.3088,0.3795
0.6402,0.8967,0.8707,0.8279,0.7694,0.6962,0.6101,0.5129,0.4065,0.2933,0.1756,0.0559,-0.0634,-0.1799,-0.2912,-0.3952,-0.4899,-0.5736,-0.6447,-0.7022,-0.7451,-0.7730,-0.7856,-0.7832,-0.7662,-0.7353,-0.6918,-0.6367,-0.5718,-0.4986,-0.4189,-0.3347
0.0000,0.0000,0.0000,0.0000,0.0000,0.0000,0.0000,0.0000,0.0000,0.0000,0.0000,0.0000,0.0000,0.0000,0.0000,0.0000,0.0000,0.0000,0.0000,0.0000,0.0000,0.0000,0.0000,0.0000,0.0000,0.0000,0.0000,0.0000,0.0000,0.0000,0.0000,0.0000
0.0420,0.0545,0.0406,0.0201,-0.0038,-0.0271,-0.0459,-0.0571,-0.0589,-0.0511,-0.0348,-0.0128,0.0114,0.0336,0.0503,0.0587,0.0575,0.0467,0.0283,0.0052,-0.0187,-0.0396,-0.0539,-0.0594,-0.0551,-0.0417,-0.0214,0.0024,0.0258,0.0449,0.0567,0.0591
0.0000,0.0000,0.0000,0.0000,0.0000,0.0000,0.0000,0.0000,0.0000,0.0000,0.0000,0.0000,0.0000,0.0000,0.0000,0.0000,0.0000,0.0000,0.0000,0.0000,0.0000,0.0000,0.0000,0.0000,0.0000,0.0000,0.0000,0.0000,0.0000,0.0000,0.0000,0.0000
0.0000,0.0000,0.0000,0.0000,0.0000,0.0000,0.0000,0.0000,0.0000,0.0000,0.0000,0.0000,0.0000,0.0000,0.0000,0.0000,0.0000,0.0000,0.0000,0.0000,0.0000,0.0000,0.0000,0.0000,0.0000,0.0000,0.0000,0.0000,0.0000,0.0000,0.0000,0.0000
0.0000,0.0000,0.0000,0.0000,0.0000,0.0000,0.0000,0.0000,0.0000,0.0000,0.0000,0.0000,0.0000,0.0000,0.0000,0.0000,0.0000,0.0000,0.0000,0.0000,0.0000,0.0000,0.0000,0.0000,0.0000,0.0000,0.0000,0.0000,0.0000,0.0000,0.0000,0.0000
0.0000,0.0000,0.0000,0.0000,0.0000,0.0000,0.0000,0.0000,0.0000,0.0000,0.0000,0.0000,0.0000,0.0000,0.0000,0.0000,0.0000,0.0000,0.0000,0.0000,0.0000,0.0000,0.0000,0.0000,0.0000,0.0000,0.0000,0.0000,0.0000,0.0000,0.0000,0.0000
0.1261,0.1751,0.1654,0.1496,0.1284,0.1025,0.0729,0.0406,0.0070,-0.0268,-0.0594,-0.0898,-0.1167,-0.1392,-0.1565,-0.1680,-0.1732,-0.1720,-0.1644,-0.1509,-0.1320,-0.1083,-0.0808,-0.0506,-0.0189,0.0133,0.0447,0.0740,0.1003,0.1226,0.1401,0.1522
0.8614,1.1946,1.1248,1.0116,0.8595,0.6747,0.4643,0.2368,0.0013,-0.2331,-0.4570,-0.6618,-0.8394,-0.9832,-1.0877,-1.1491,-1.1654,-1.1365,-1.0638,-0.9508,-0.8023,-0.6248,-0.4255,-0.2126,0.0052,0.2192,0.4210,0.6027,0.7576,0.8798,0.9651,1.0108
1.1690,1.6214,1.5271,1.3742,1.1687,0.9188,0.6344,0.3268,0.0081,-0.3090,-0.6123,-0.8898,-1.1310,-1.3266,-1.4693,-1.5540,-1.5779,-1.5408,-1.4447,-1.2941,-1.0956,-0.8576,-0.5901,-0.3041,-0.0110,0.2774,0.5498,0.7956,1.0057,1.1723,1.2897,1.3541
0.8909,1.2358,1.1643,1.0483,0.8924,0.7027,0.4868,0.2531,0.0109,-0.2304,-0.4613,-0.6730,-0.8572,-1.0071,-1.1170,-1.1831,-1.2031,-1.1767,-1.1056,-0.9929,-0.8436,-0.6640,-0.4616,-0.2446,-0.0218,0.1980,0.4062,0.5948,0.7567,0.8861,0.9783,1.0306
0.2874,0.3885,0.3371,0.2593,0.1653,0.0674,-0.0223,-0.0938,-0.1402,-0.1592,-0.1531,-0.1283,-0.0937,-0.0599,-0.0364,-0.0307,-0.0463,-0.0826,-0.1347,-0.1941,-0.2503,-0.2923,-0.3107,-0.2992,-0.2559,-0.1835,-0.0889,0.0172,0.1225,0.2147,0.2834,0.3214
0.0985,0.1375,0.1319,0.1229,0.1107,0.0956,0.0783,0.0592,0.0389,0.0182,-0.0024,-0.0223,-0.0408,-0.0574,-0.0718,-0.0834,-0.0922,-0.0979,-0.1005,-0.1001,-0.0969,-0.0913,-0.0834,-0.0738,-0.0630,-0.0515,-0.0397,-0.0281,-0.0173,-0.0075,0.0008,0.0074
0.7793,1.0908,1.0571,1.0017,0.9259,0.8315,0.7206,0.5957,0.4596,0.3153,0.1661,0.0153,-0.1338,-0.2781,-0.4145,-0.5401,-0.6524,-0.7492,-0.8287,-0.8895,-0.9307,-0.9519,-0.9531,-0.9348,-0.8980,-0.8440,-0.7745,-0.6917,-0.5977,-0.4951,-0.3865,-0.2745
1.6640,1.8221,2.2662,1.6532,2.0128,1.3307,1.6155,0.8838,1.1097,0.3528,0.5397,-0.2149,-0.0451,-0.7695,-0.5950,-1.2628,-1.0648,-1.6536,-1.4176,-1.9107,-1.6283,-2.0159,-1.6856,-1.9652,-1.5925,-1.7689,-1.3657,-1.4499,-1.0332,-1.0410,-0.6314,-0.5817
1.9176,2.0624,2.5960,1.8389,2.2651,1.4240,1.7645,0.8736,1.1577,0.2551,0.5126,-0.3664,-0.1109,-0.9382,-0.6678,-1.4237,-1.1292,-1.8005,-1.4774,-2.0544,-1.6999,-2.1742,-1.7857,-2.1494,-1.7251,-1.9729,-1.5148,-1.6475,-1.1649,-1.1926,-0.7045,-0.6478
0.3618,0.4930,0.4403,0.3622,0.2716,0.1827,0.1089,0.0598,0.0396,0.0464,0.0729,0.1072,0.1360,0.1465,0.1294,0.0809,0.0029,-0.0965,-0.2051,-0.3083,-0.3922,-0.4460,-0.4639,-0.4464,-0.3999,-0.3355,-0.2670,-0.2080,-0.1695,-0.1577,-0.1727,-0.2088
0.0000,0.0000,0.0000,0.0000,0.0000,0.0000,0.0000,0.0000,0.0000,0.0000,0.0000,0.0000,0.0000,0.0000,0.0000,0.0000,0.0000,0.0000,0.0000,0.0000,0.0000,0.0000,0.0000,0.0000,0.0000,0.0000,0.0000,0.0000,0.0000,0.0000,0.0000,0.0000
0.1427,0.1829,0.1299,0.0525,-0.0345,-0.1151,-0.1740,-0.2003,-0.1891,-0.1426,-0.0696,0.0163,0.0988,0.1627,0.1959,0.1923,0.1529,0.0850,0.0015,-0.0818,-0.1495,-0.1888,-0.1926,-0.1603,-0.0983,-0.0182,0.0648,0.1351,0.1796,0.1901,0.1649,0.1090
0.5252,0.6855,0.5525,0.4325,0.3976,0.4511,0.5247,0.5299,0.4240,0.2424,0.0730,-0.0083,0.0075,0.0560,0.0484,-0.0623,-0.2452,-0.4141,-0.4903,-0.4602,-0.3848,-0.3541,-0.4195,-0.5561,-0.6800,-0.7108,-0.6310,-0.4985,-0.4043,-0.4050,-0.4813,-0.5525
8.1925,1.7604,0.7101,1.8768,2.6565,3.2918,-0.6337,-2.4169,1.1966,0.4676,-1.7698,3.1991,-2.5645,-2.7369,0.3599,-0.9245,1.3451,-4.6796,-4.9917,1.4022,0.1658,-4.2104,-2.2416,-3.2296,-0.2422,-0.2964,-3.2423,0.1779,0.3965,-1.1280,4.7950,0.8239
4.4228,1.6499,-0.7000,-2.8114,1.5391,2.4389,1.2884,-0.2710,0.1325,2.8497,0.5528,-0.9495,-3.8800,0.3331,1.9390,3.0958,-1.4111,-3.1747,-2.2367,0.2439,0.9340,-1.8518,-1.4114,-0.7015,1.5886,-1.6097,-3.2039,-2.9242,0.9497,2.3009,-0.4199,-2.2835
6.5784,2.5841,0.3007,-2.7957,3.7320,4.2728,1.8490,-1.5604,-0.7598,4.1990,1.9168,-0.8647,-5.6382,-0.3789,2.2607,2.7117,-2.8150,-5.2008,-1.8088,-0.3374,0.2677,-5.5793,-2.8737,-2.3689,2.2175,-2.6291,-3.2981,-3.6308,0.7863,1.8341,-1.1464,-1.8962
5.9843,4.5417,4.3854,0.9523,4.0698,2.9403,4.3574,1.7908,3.0588,1.8026,1.7400,-1.2540,-1.1242,-0.6200,1.8880,0.4883,-1.0734,-4.1822,-3.1138,-3.3657,-1.8638,-3.7124,-2.4657,-3.2287,-1.9667,-4.1453,-3.7922,-3.5937,-0.7130,-0.2201,-0.7073,-2.3144
7.2666,4.7775,5.2188,1.1037,6.2145,4.4955,5.4415,0.6874,1.9700,1.4486,2.6952,-0.7217,-2.1675,-3.0590,-0.4136,-0.9351,-1.8644,-5.6554,-4.2130,-4.1353,-1.0698,-4.4524,-3.6612,-5.6877,-1.3023,-2.6215,-1.2968,-4.3228,-2.0178,-1.4833,0.4968,-0.5152
9.4750,6.0226,6.7356,1.3643,4.9943,2.0450,5.3962,1.9752,2.9384,0.4508,2.1655,-2.9037,-0.8254,-0.2838,3.1763,0.6788,-0.6621,-4.5633,-5.0501,-4.1198,-1.3546,-3.5043,-1.8356,-2.8274,-1.2365,-4.1854,-2.1660,-2.1387,0.1861,1.2613,0.7406,-2.8027
4.6839,4.1522,5.3062,2.9686,5.1095,3.2212,4.4813,1.8888,3.2620,1.4006,2.4593,-0.3091,0.2583,-1.5243,0.1513,-1.6048,-1.0679,-3.4574,-2.3602,-3.7058,-2.4230,-4.1773,-3.0154,-3.9917,-2.3710,-3.6068,-2.8859,-3.9238,-2.3653,-2.3369,-1.1563,-1.7424
2.9982,1.6845,1.7255,0.3976,3.0067,2.0488,1.5460,-0.4858,0.7543,1.3116,1.2562,-0.7695,-1.0530,-0.3496,0.8657,-0.7424,-1.7533,-2.6650,-0.4453,-1.1439,-1.2430,-3.6850,-1.7264,-1.6520,-0.3623,-2.7417,-2.0781,-1.5989,0.3209,-0.6555,-1.5867,-1.5509
2.9294,2.2989,1.1085,-0.2072,1.1037,1.1245,1.8966,1.6922,1.9812,0.4544,-0.7574,-1.3616,-0.2678,0.4590,0.6363,-0.1014,-1.0388,-2.1414,-2.3999,-1.5442,-0.4709,-0.4101,-1.2378,-1.7686,-1.8838,-1.9683,-1.7891,-0.9085,0.1700,-0.2299,-1.1407,-1.6971
3.4539,1.7277,-0.0339,-3.4120,-1.7449,-1.1526,1.3514,1.9416,2.9207,1.7281,-1.0215,-3.1774,-3.4064,0.1819,2.2821,3.6054,0.7320,-0.3275,-2.6082,-1.7830,-2.3669,0.4392,1.6745,3.5368,0.7066,-1.6256,-4.0224,-2.0393,-0.1230,1.9600,1.6479,1.2080
3.3456,2.0232,0.3185,-2.8651,-1.8300,-1.5530,1.1937,2.2576,3.3633,1.4324,-1.1265,-3.0169,-2.8555,-0.5014,1.1050,2.7532,1.1939,0.2820,-2.5909,-2.0647,-2.5985,0.1553,0.5138,2.5710,0.6292,-0.2370,-2.7276,-1.5765,-0.9010,0.8069,0.8379,1.2795
1.5610,0.5699,0.8748,-0.4872,1.1080,0.5235,1.3468,-0.1035,0.5988,-0.1471,0.5856,-0.6482,-0.1126,-0.5801,0.6550,-0.3848,-0.3697,-1.8330,-0.5288,-0.7281,0.5358,-1.1126,-0.6123,-1.6720,-0.0311,-0.9048,0.0457,-1.1014,0.2370,-0.4853,0.2426,-1.0390
2.6448,0.5094,-0.5916,-1.7074,1.6736,1.8318,0.3194,-1.1831,-0.2464,2.3971,0.9992,-0.7340,-2.5890,0.4105,1.7706,1.1370,-1.4616,-1.9993,0.6522,0.7054,0.1814,-3.0000,-0.4494,0.3282,1.9313,-1.7685,-2.0836,-1.2987,1.2105,0.6564,-1.7041,-1.5107
4.7195,1.8498,0.1949,-2.0976,2.0558,2.3306,0.4928,-0.7019,-0.0316,3.5603,0.3601,-1.2753,-4.0727,1.0894,2.3917,1.9203,-2.0716,-2.8277,0.0489,-0.4332,-1.0436,-4.7751,-0.7173,0.1185,1.7070,-3.1736,-3.3287,-1.3025,1.5025,1.3034,-2.4460,-0.9793
2.9225,1.8080,2.6609,-0.2190,1.1800,-0.3045,2.1463,0.9486,2.3895,-0.0509,0.3277,-1.8290,-0.4629,-1.0980,0.8488,-0.0720,0.4631,-1.6639,-1.7116,-3.0797,-1.7782,-1.8263,-0.1985,-0.9472,-0.5491,-2.1996,-1.6618,-2.3257,-0.4201,-0.4528,1.1736,-0.1536
3.2763,1.1961,3.1342,-0.7722,1.9055,-0.5135,3.0817,0.5389,2.7475,-1.1656,0.3221,-2.8040,0.0572,-1.7182,1.1897,-1.4932,-0.0453,-3.3641,-1.4624,-3.3229,-0.1048,-1.5721,0.8444,-1.9764,-0.4164,-3.0400,-0.2526,-1.6392,1.6851,-0.4128,1.6652,-1.5110
2.4962,-0.2168,2.7783,-1.4982,1.3176,-2.7568,0.5090,-3.0097,0.7089,-2.5099,1.2993,-1.9038,1.8689,-1.2927,2.4993,-0.6527,2.9507,-0.5292,2.5394,-1.4325,1.2402,-2.7510,0.1976,-3.1507,0.4800,-2.2120,1.7076,-0.9693,2.5721,-0.5476,2.4801,-0.9017
3.0862,0.5487,2.7617,-1.8780,0.5558,-3.0967,0.3450,-2.7440,0.6374,-2.6491,0.7355,-2.0262,1.9936,-0.3447,3.3723,0.2443,2.9183,-0.8503,1.6036,-1.9252,0.7187,-2.6795,-0.0576,-3.1696,0.0559,-2.0879,1.8689,-0.0686,3.2363,0.2251,2.4221,-1.0765
2.1319,1.2968,2.3667,0.1136,0.8441,-1.4825,-0.5690,-2.4662,-0.9840,-2.2396,-0.1954,-1.0217,1.1961,0.3136,2.2002,0.8349,2.1085,0.1790,0.9643,-1.2163,-0.4797,-2.4185,-1.2759,-2.6311,-0.9146,-1.7163,0.3521,-0.2670,1.6998,0.8072,2.2928,0.8864
1.7791,1.9259,1.6499,0.4035,-0.2101,-1.3922,-1.6580,-2.2374,-1.8633,-1.7533,-0.8499,-0.2920,0.7610,1.2989,1.9724,2.0068,1.9439,1.3415,0.6503,-0.2514,-1.0759,-1.7011,-2.0925,-1.9763,-1.6609,-0.8060,-0.0855,0.9414,1.3795,1.9323,1.6669,1.6130
1.7902,1.2617,1.4571,-0.4244,-0.1798,-1.5115,-0.6073,-1.5197,-0.5361,-1.5175,-0.4534,-1.0328,0.6354,0.5240,2.1691,1.4345,2.0643,0.3622,0.4670,-1.1602,-0.5513,-1.5760,-0.5662,-1.4548,-0.4356,-1.2073,0.1325,-0.2062,1.4111,0.9716,2.0447,0.8121
0.5657,-0.4744,0.5980,-0.7529,0.4153,-0.7258,0.6343,-0.4493,0.7952,-0.5020,0.5595,-0.7721,0.4199,-0.6918,0.6672,-0.4275,0.7809,-0.5309,0.5203,-0.7827,0.4288,-0.6521,0.6951,-0.4096,0.7576,-0.5599,0.4815,-0.7840,0.4415,-0.6080,0.7171,-0.3962
2.2193,-0.3615,2.0130,-2.0315,0.6212,-2.5169,1.1080,-1.5087,1.9132,-1.3901,1.3090,-2.2127,0.8840,-1.7966,2.0005,-0.5048,2.7141,-0.7543,1.5450,-2.2164,0.4540,-2.4048,1.0801,-1.3629,1.8642,-1.1407,1.5008,-1.6023,1.3328,-1.1774,2.0706,-0.5231
2.9123,0.6295,1.5862,-2.8845,-1.0934,-3.0077,0.9087,0.1998,2.8428,0.2382,0.4698,-2.3879,-1.3120,-1.5124,1.1628,1.7124,2.6617,1.0873,-0.2044,-1.9963,-2.0968,-1.4907,0.2063,1.1962,1.7014,0.5975,-0.2484,-1.6150,-0.8928,-0.6485,1.5628,1.2416
2.8010,0.9557,1.0263,-3.0460,-1.9278,-2.8374,0.8177,1.3943,3.3487,1.4968,0.1769,-2.1864,-2.7112,-1.7011,-0.0576,2.3554,2.1863,2.2133,-0.8621,-1.3237,-3.2263,-0.7922,-0.3905,2.7062,1.6963,2.0072,-1.0426,-1.4766,-2.6720,-0.8922,0.4042,2.0420
2.7910,2.2701,1.4377,-1.3064,-1.4227,-1.8291,0.1566,0.9363,1.8610,0.7399,-0.7348,-2.4436,-3.2290,-2.4216,-1.2055,0.9017,1.2050,1.6344,-0.1758,-0.4018,-1.6124,0.0018,0.3969,2.5572,2.0511,2.3116,0.2297,-0.2177,-1.3602,-0.4480,-0.0518,0.8946
0.6943,0.8800,0.6240,0.3337,0.1268,0.0503,0.0569,0.0403,-0.0916,-0.3533,-0.6661,-0.9013,-0.9562,-0.8148,-0.5567,-0.3088,-0.1684,-0.1473,-0.1694,-0.1239,0.0597,0.3611,0.6759,0.8752,0.8811,0.7128,0.4731,0.2853,0.2187,0.2490,0.2780,0.1997
0.6040,0.6614,0.7497,0.4601,0.4652,0.1132,0.0792,-0.2837,-0.3025,-0.6221,-0.5763,-0.8105,-0.6695,-0.8003,-0.5604,-0.5977,-0.2830,-0.2617,0.0838,0.1142,0.4386,0.4283,0.6864,0.5990,0.7645,0.5864,0.6583,0.4016,0.4032,0.1014,0.0730,-0.2291
0.5811,0.7768,0.6492,0.4596,0.2367,0.0109,-0.1917,-0.3531,-0.4647,-0.5256,-0.5404,-0.5166,-0.4631,-0.3894,-0.3053,-0.2206,-0.1437,-0.0791,-0.0263,0.0206,0.0716,0.1369,0.2222,0.3252,0.4341,0.5293,0.5882,0.5911,0.5272,0.3979,0.2168,0.0062
0.5755,-0.2510,0.7789,-0.3173,0.6826,-0.4337,0.5479,-0.5718,0.4070,-0.6976,0.2934,-0.7801,0.2338,-0.7985,0.2418,-0.7474,0.3145,-0.6381,0.4329,-0.4956,0.5672,-0.3531,0.6833,-0.2435,0.7516,-0.1914,0.7537,-0.2078,0.6872,-0.2865,0.5661,-0.4065
0.5048,-0.4801,0.6993,-0.5073,0.6588,-0.5550,0.6020,-0.6114,0.5423,-0.6624,0.4937,-0.6950,0.4671,-0.7007,0.4684,-0.6772,0.4961,-0.6293,0.5426,-0.5672,0.5954,-0.5049,0.6404,-0.4559,0.6651,-0.4305,0.6621,-0.4333,0.6303,-0.4617,0.5756,-0.5070
0.2025,0.0933,0.2706,0.0627,0.2268,0.0081,0.1640,-0.0593,0.0953,-0.1256,0.0343,-0.1779,-0.0075,-0.2071,-0.0238,-0.2098,-0.0143,-0.1888,0.0153,-0.1523,0.0548,-0.1120,0.0921,-0.0795,0.1165,-0.0638,0.1212,-0.0691,0.1051,-0.0936,0.0728,-0.1300
0.3537,0.4786,0.4174,0.3266,0.2209,0.1168,0.0295,-0.0297,-0.0556,-0.0499,-0.0206,0.0193,0.0550,0.0724,0.0613,0.0172,-0.0573,-0.1532,-0.2568,-0.3517,-0.4226,-0.4576,-0.4506,-0.4028,-0.3220,-0.2214,-0.1175,-0.0262,0.0392,0.0711,0.0686,0.0376
0.2461,0.1993,0.2245,-0.0153,-0.0267,-0.2431,-0.1828,-0.3023,-0.1458,-0.1894,0.0122,-0.0164,0.1757,0.1201,0.2707,0.1607,0.2442,0.0608,0.0759,-0.1521,-0.1417,-0.3237,-0.2214,-0.2837,-0.0651,-0.0447,0.1985,0.1801,0.3319,0.1970,0.2367,0.0223
0.0382,-0.0540,0.0539,-0.0539,0.0537,-0.0536,0.0534,-0.0532,0.0530,-0.0527,0.0524,-0.0521,0.0518,-0.0514,0.0510,-0.0505,0.0501,-0.0495,0.0490,-0.0485,0.0479,-0.0473,0.0466,-0.0459,0.0453,-0.0445,0.0438,-0.0430,0.0422,-0.0414,0.0405,-0.0397
0.1402,-0.1982,0.1980,-0.1977,0.1973,-0.1968,0.1962,-0.1954,0.1946,-0.1936,0.1925,-0.1913,0.1900,-0.1886,0.1871,-0.1855,0.1837,-0.1819,0.1799,-0.1779,0.1757,-0.1735,0.1711,-0.1687,0.1661,-0.1635,0.1607,-0.1579,0.1550,-0.1520,0.1488,-0.1457
0.0895,0.0933,0.1130,0.0671,0.0758,0.0212,0.0237,-0.0334,-0.0305,-0.0835,-0.0739,-0.1168,-0.0959,-0.1254,-0.0913,-0.1070,-0.0612,-0.0661,-0.0130,-0.0125,0.0416,0.0409,0.0893,0.0813,0.1185,0.0990,0.1220,0.0898,0.0990,0.0560,0.0548,0.0060
0.8024,0.8154,1.0867,0.7215,0.9484,0.5452,0.7367,0.3079,0.4767,0.0377,0.1983,-0.2352,-0.0689,-0.4823,-0.2987,-0.6808,-0.4719,-0.8157,-0.5780,-0.8809,-0.6153,-0.8786,-0.5895,-0.8178,-0.5118,-0.7114,-0.3964,-0.5739,-0.2578,-0.4196,-0.1093,-0.2608
1.3229,1.6894,1.7916,1.5339,1.5614,1.2377,1.2022,0.8291,0.7477,0.3466,0.2405,-0.1643,-0.2723,-0.6562,-0.7439,-1.0841,-1.1323,-1.4100,-1.4042,-1.6063,-1.5385,-1.6587,-1.5276,-1.5669,-1.3782,-1.3444,-1.1102,-1.0168,-0.7542,-0.6192,-0.3483,-0.1917
1.3341,1.7107,1.7329,1.4420,1.4069,1.1157,1.1031,0.8278,0.7865,0.4428,0.3005,-0.1256,-0.3113,-0.7046,-0.8074,-1.0770,-1.0770,-1.2722,-1.2601,-1.4615,-1.4671,-1.6339,-1.5649,-1.5928,-1.3845,-1.2791,-1.0096,-0.8880,-0.6669,-0.5851,-0.3975,-0.2840
1.5365,1.8702,2.0828,1.6939,1.8210,1.3581,1.4121,0.8949,0.8947,0.3479,0.3171,-0.2312,-0.2674,-0.7886,-0.8056,-1.2732,-1.2497,-1.6418,-1.5618,-1.8631,-1.7178,-1.9206,-1.7088,-1.8136,-1.5423,-1.5575,-1.2407,-1.1813,-0.8386,-0.7245,-0.3792,-0.2331
1.4143,1.7997,1.9141,1.6307,1.6641,1.3090,1.2740,0.8657,0.7813,0.3432,0.2325,-0.2087,-0.3206,-0.7380,-0.8270,-1.1956,-1.2406,-1.5400,-1.5255,-1.7415,-1.6588,-1.7850,-1.6331,-1.6708,-1.4566,-1.4147,-1.1517,-1.0457,-0.7532,-0.6030,-0.3034,-0.1315
1.3406,1.8667,1.7886,1.6562,1.4826,1.2658,1.0219,0.7512,0.4711,0.1829,-0.0961,-0.3652,-0.6090,-0.8286,-1.0116,-1.1616,-1.2696,-1.3422,-1.3736,-1.3728,-1.3369,-1.2761,-1.1894,-1.0871,-0.9690,-0.8446,-0.7134,-0.5832,-0.4527,-0.3277,-0.2061,-0.0917
0.3928,0.5489,0.5291,0.4966,0.4523,0.3974,0.3332,0.2613,0.1836,0.1021,0.0189,-0.0641,-0.1446,-0.2208,-0.2907,-0.3526,-0.4052,-0.4471,-0.4774,-0.4956,-0.5014,-0.4947,-0.4760,-0.4459,-0.4054,-0.3558,-0.2984,-0.2350,-0.1673,-0.0972,-0.0266,0.0426
0.0000,0.0000,0.0000,0.0000,0.0000,0.0000,0.0000,0.0000,0.0000,0.0000,0.0000,0.0000,0.0000,0.0000,0.0000,0.0000,0.0000,0.0000,0.0000,0.0000,0.0000,0.0000,0.0000,0.0000,0.0000,0.0000,0.0000,0.0000,0.0000,0.0000,0.0000,0.0000
1.2044,1.5603,1.4589,1.0911,0.7988,0.2934,-0.0799,-0.5946,-0.9160,-1.3092,-1.4636,-1.6412,-1.5661,-1.4981,-1.2016,-0.9303,-0.4879,-0.1133,0.3557,0.7074,1.0768,1.2915,1.4661,1.4763,1.4195,1.2230,0.9656,0.6244,0.2532,-0.1278,-0.4983,-0.8042
1.8220,1.9476,2.2408,1.3078,1.3320,0.2185,0.1176,-0.9969,-1.0477,-1.9797,-1.8278,-2.4428,-2.0054,-2.2554,-1.5449,-1.4797,-0.5996,-0.3486,0.5375,0.8068,1.5243,1.6581,2.0722,1.9770,2.0307,1.6993,1.4270,0.9384,0.4516,-0.0554,-0.6043,-0.9750
1.0045,1.3114,1.2267,0.9385,0.7003,0.2989,-0.0091,-0.4257,-0.7014,-1.0313,-1.1832,-1.3495,-1.3237,-1.2963,-1.0907,-0.8935,-0.5582,-0.2611,0.1174,0.4197,0.7439,0.9596,1.1488,1.2155,1.2282,1.1290,0.9729,0.7397,0.4674,0.1697,-0.1383,-0.4149
0.9833,1.3685,1.3031,1.1973,1.0556,0.8839,0.6894,0.4801,0.2643,0.0504,-0.1538,-0.3410,-0.5053,-0.6422,-0.7484,-0.8226,-0.8649,-0.8770,-0.8619,-0.8237,-0.7673,-0.6978,-0.6209,-0.5414,-0.4642,-0.3929,-0.3303,-0.2782,-0.2370,-0.2062,-0.1841,-0.1685
1.5773,1.8675,2.1406,1.6917,1.8788,1.3567,1.4698,0.8941,0.9515,0.3472,0.3717,-0.2331,-0.2169,-0.7933,-0.7613,-1.2829,-1.2141,-1.6586,-1.5374,-1.8889,-1.7066,-1.9569,-1.7123,-1.8613,-1.5610,-1.6162,-1.2740,-1.2497,-0.8847,-0.8000,-0.4351,-0.3119
1.8825,1.2307,2.5722,1.0550,2.3110,0.7214,1.9045,0.2633,1.3931,-0.2735,0.8266,-0.8361,0.2599,-1.3698,-0.2538,-1.8239,-0.6677,-2.1569,-0.9465,-2.3407,-1.0694,-2.3627,-1.0323,-2.2271,-0.8472,-1.9536,-0.5405,-1.5745,-0.1494,-1.1314,0.2820,-0.6696
0.5105,-0.5866,0.7198,-0.5902,0.7136,-0.5971,0.7036,-0.6068,0.6903,-0.6189,0.6745,-0.6324,0.6569,-0.6466,0.6385,-0.6605,0.6202,-0.6732,0.6030,-0.6838,0.5876,-0.6916,0.5748,-0.6958,0.5652,-0.6962,0.5590,-0.6923,0.5564,-0.6843,0.5574,-0.6723
0.4006,-0.5664,0.5663,-0.5661,0.5658,-0.5654,0.5649,-0.5644,0.5637,-0.5630,0.5622,-0.5613,0.5603,-0.5592,0.5581,-0.5568,0.5555,-0.5541,0.5526,-0.5511,0.5494,-0.5477,0.5459,-0.5440,0.5421,-0.5400,0.5379,-0.5357,0.5335,-0.5311,0.5287,-0.5263
0.3329,-0.4708,0.4707,-0.4705,0.4703,-0.4701,0.4697,-0.4694,0.4689,-0.4685,0.4679,-0.4673,0.4667,-0.4659,0.4652,-0.4643,0.4635,-0.4625,0.4615,-0.4605,0.4594,-0.4582,0.4570,-0.4558,0.4545,-0.4531,0.4517,-0.4502,0.4487,-0.4471,0.4455,-0.4439
0.5559,-0.7861,0.7859,-0.7855,0.7851,-0.7845,0.7838,-0.7829,0.7820,-0.7808,0.7796,-0.7783,0.7768,-0.7751,0.7734,-0.7715,0.7695,-0.7674,0.7652,-0.7628,0.7603,-0.7577,0.7550,-0.7522,0.7492,-0.7462,0.7430,-0.7397,0.7363,-0.7327,0.7291,-0.7254
0.8698,-1.2299,1.2296,-1.2289,1.2280,-1.2268,1.2253,-1.2236,1.2217,-1.2194,1.2170,-1.2142,1.2112,-1.2080,1.2045,-1.2007,1.1967,-1.1924,1.1879,-1.1832,1.1782,-1.1730,1.1675,-1.1618,1.1559,-1.1498,1.1434,-1.1368,1.1299,-1.1229,1.1157,-1.1082
10.4043,5.4577,4.4512,-1.4240,0.8544,-3.0988,-1.3291,-3.4213,-0.8155,-0.3222,1.9579,-1.4475,0.9827,-0.8191,-1.7518,-1.5742,0.3541,-0.9973,-1.2671,0.1221,2.1000,0.8317,1.5777,0.6169,0.7139,1.8374,-2.4144,-2.5985,-2.0824,1.8516,-1.2509,-2.1526
11.1450,5.8474,5.7818,2.0521,4.2974,-1.1565,0.2185,-0.6660,-0.2366,-2.8803,1.2529,-1.8442,-0.6373,-3.7199,1.0904,-1.7692,-0.1265,-0.0177,1.9544,-1.5652,0.1891,1.8932,2.0870,1.8035,5.7148,1.5219,0.1453,-1.1149,4.0725,-0.0398,-1.9364,-1.4321
11.2411,7.0111,4.8154,-0.3755,0.9754,-3.2469,-1.0741,-1.5761,-0.7885,-1.4580,0.7105,-3.3850,-4.6139,-4.4124,-0.1670,0.0369,-0.4485,1.2017,0.0896,0.8676,0.4687,1.8033,-1.4560,-1.1167,-0.9284,-1.1562,-2.3183,-0.0156,0.0390,2.1800,0.1759,2.7952
12.0420,4.1458,0.3891,-4.4941,-1.1855,-5.1760,-4.4288,-3.5225,-2.1182,0.5881,2.9468,1.5290,0.5200,2.3674,4.6004,1.9358,-1.8169,-0.2883,-3.6424,-4.4823,-3.1795,3.1392,2.7384,4.1187,2.0984,-1.3378,-2.8127,-1.8749,-3.1647,-0.5113,-0.6722,5.0835
13.7627,3.7490,0.7990,-2.3091,-0.2576,0.8921,2.2682,0.8212,-0.7742,-4.2361,-3.1957,2.7563,2.8067,2.1446,0.0152,-0.5234,-2.4075,0.5848,3.7407,1.0478,-2.4520,-1.3102,-2.5570,1.1264,-0.6634,-0.7437,4.3881,-0.3237,1.5208,0.9693,3.2100,1.1529
12.9756,1.2486,-0.4367,-0.9639,2.9199,0.7502,-0.2312,2.3346,-0.2457,1.0488,3.4439,2.3055,-1.0372,-3.9826,-0.5214,0.3256,1.9513,0.1300,-1.1618,1.9280,2.5970,0.0234,-1.7955,-3.0059,-1.2585,-1.8361,3.0824,-0.5079,-2.4504,-3.1710,-0.8511,-0.5513
15.6911,3.7807,1.9384,0.5468,1.1473,-3.6725,-5.0277,0.6058,3.2634,-0.5887,-2.8250,6.5612,5.2812,-0.3973,1.3204,-1.7861,4.2784,-1.0736,1.1205,5.6747,0.3434,0.0458,-1.2498,0.7059,-2.9163,1.0075,-5.6404,-0.3785,-0.1719,1.7504,6.0878,2.2864
11.5467,4.2012,1.5192,-3.5986,-2.3872,-5.5873,-0.9971,1.6098,0.1516,-0.5026,2.1103,-0.9076,-0.7210,-1.2204,-1.1591,0.2303,2.3286,5.0217,-1.0728,0.4557,-2.1215,-0.3007,0.3626,3.5239,1.9715,0.4098,-0.9036,0.1897,-1.2931,0.8181,-1.4106,-0.1444
18.9525,6.1396,1.1166,-6.7509,4.2520,0.6796,0.3634,0.5977,-4.4510,-3.2106,-2.0353,3.4113,0.6610,2.4156,2.2001,-1.0773,-5.0411,-0.5981,2.5132,3.4595,-0.9895,0.0515,-0.9614,-0.9189,-0.3866,-1.6019,0.5047,-0.9713,0.3340,-4.7158,-4.0445,0.7490
5.8188,4.2120,2.9171,-0.0993,1.5493,1.5511,3.4155,2.9906,3.1660,1.5415,1.2135,1.2402,1.9350,1.8267,1.2149,0.3456,-1.1283,-0.7191,1.6242,2.6960,1.7966,0.2317,-0.8128,-0.2720,-0.1274,0.0601,1.3497,1.2554,1.4841,-0.2706,0.0914,-1.6847
16.0486,8.6775,8.7968,-0.5452,5.5896,0.0512,3.0927,-2.0993,3.1234,3.8313,6.5758,0.5876,1.6532,0.7668,0.5709,-4.4414,-4.2686,-3.1651,1.5441,0.5845,1.6428,-2.2002,0.3994,0.8795,3.1468,1.6665,4.1608,4.9542,1.8504,2.1830,0.5893,1.6486
12.9907,6.4948,6.4368,-1.8194,4.2430,-1.2466,2.7078,1.8583,6.4117,2.8458,2.5591,-0.4504,2.1807,0.3661,4.2775,0.3735,1.4592,-0.5120,4.8779,0.4836,-0.8436,-3.2660,0.9359,0.8439,2.6144,3.3236,7.1280,2.4470,-0.4476,-4.0663,-0.3120,-1.3172
13.9095,8.4431,7.4537,-6.5753,-2.6378,-8.4195,-0.0054,-3.3652,3.1137,-0.7870,2.5799,-1.2256,2.2536,1.4161,2.9975,0.4680,-1.6976,-4.7594,-6.1445,-3.6919,-0.9130,3.4915,3.4488,3.2708,-0.4977,-0.5725,-2.5905,-1.9271,-3.3113,-2.5871,-3.4590,-1.8282
15.9851,12.2200,13.5600,0.1410,2.1680,-6.6947,-1.3956,-8.2413,-2.1895,-7.6515,-3.6785,-9.1464,-5.9850,-8.0310,-1.9729,-1.2834,2.6189,1.7442,2.8096,1.5071,1.0587,-0.0653,-1.3060,0.5866,1.1700,3.9532,2.8229,2.9228,-0.9590,-0.0227,-3.6239,-0.5507
10.1951,7.1165,9.2547,-0.9349,1.0288,-6.6038,-1.5318,-5.6173,1.0947,-2.1925,3.0600,-0.9427,3.1705,-0.1968,3.3194,0.0907,2.2901,-0.7630,0.7427,-1.5452,-0.2851,-1.5170,-0.4617,-1.3507,-1.2652,-1.8308,-1.3685,-0.2950,0.7945,2.1510,2.2444,2.5097
6.5478,4.0703,8.1912,2.3008,6.2025,0.5482,4.7886,-0.5092,3.8857,-1.1949,3.3495,-1.4203,3.2094,-1.5042,2.8592,-1.9079,2.4568,-1.7692,3.1103,-0.4753,4.4293,0.6738,4.8566,0.6321,4.2512,-0.0199,3.3855,-0.7604,2.4810,-1.3947,1.9730,-1.3012
15.4620,11.2547,16.1701,4.9467,11.7493,1.3400,7.0413,-2.0494,5.7713,-1.2048,5.9555,-1.5701,4.8058,-1.8948,4.3151,-2.8309,2.3579,-3.5480,3.2998,-1.0299,5.4057,0.6637,5.4746,0.3894,4.9863,0.8659,3.7145,-1.3284,1.2933,-1.4276,0.6631,-2.9299
2.4247,-1.0630,3.4257,-1.0648,3.4157,-1.0682,3.3990,-1.0733,3.3757,-1.0801,3.3459,-1.0884,3.3097,-1.0983,3.2673,-1.1096,3.2187,-1.1222,3.1642,-1.1361,3.1039,-1.1511,3.0381,-1.1671,2.9670,-1.1839,2.8908,-1.2015,2.8099,-1.2196,2.7244,-1.2381
1.3744,-0.1757,1.9418,-0.1776,1.9359,-0.1814,1.9262,-0.1871,1.9126,-0.1947,1.8953,-0.2041,1.8742,-0.2152,1.8495,-0.2280,1.8212,-0.2425,1.7894,-0.2585,1.7543,-0.2759,1.7160,-0.2948,1.6746,-0.3149,1.6303,-0.3362,1.5832,-0.3585,1.5334,-0.3818
1.0180,-0.8904,1.1707,-1.2074,1.0615,-1.0156,1.3915,-0.8102,1.2952,-1.1201,1.0124,-1.1329,1.2647,-0.8069,1.3798,-0.9795,1.0390,-1.1902,1.1061,-0.8778,1.3815,-0.8395,1.1214,-1.1583,0.9713,-0.9874,1.2881,-0.7514,1.2122,-1.0428,0.9025,-1.0814
0.9146,0.3101,1.0809,0.0419,0.9538,0.1485,1.2115,0.3639,1.2197,0.1552,0.9415,0.0089,1.0265,0.2567,1.2429,0.2749,1.0371,-0.0100,0.8700,0.0562,1.1048,0.2765,1.1302,0.0783,0.8364,-0.1043,0.8800,0.1219,1.0996,0.1602,0.9053,-0.1354
0.3373,0.2786,0.4253,0.1792,0.2855,0.0098,0.0990,-0.1796,-0.0794,-0.3335,-0.1978,-0.4073,-0.2224,-0.3808,-0.1479,-0.2638,0.0018,-0.0923,0.1812,0.0823,0.3372,0.2091,0.4248,0.2526,0.4207,0.2030,0.3291,0.0781,0.1797,-0.0828,0.0182,-0.2315
0.0000,0.0000,0.0000,0.0000,0.0000,0.0000,0.0000,0.0000,0.0000,0.0000,0.0000,0.0000,0.0000,0.0000,0.0000,0.0000,0.0000,0.0000,0.0000,0.0000,0.0000,0.0000,0.0000,0.0000,0.0000,0.0000,0.0000,0.0000,0.0000,0.0000,0.0000,0.0000
0.3780,0.3352,0.4732,0.2168,0.3062,0.0135,0.0810,-0.2172,-0.1390,-0.4107,-0.2926,-0.5134,-0.3381,-0.4984,-0.2648,-0.3720,-0.0956,-0.1719,0.1200,0.0446,0.3213,0.2175,0.4531,0.3007,0.4817,0.2747,0.4032,0.1515,0.2437,-0.0309,0.0505,-0.2197
0.0000,0.0000,0.0000,0.0000,0.0000,0.0000,0.0000,0.0000,0.0000,0.0000,0.0000,0.0000,0.0000,0.0000,0.0000,0.0000,0.0000,0.0000,0.0000,0.0000,0.0000,0.0000,0.0000,0.0000,0.0000,0.0000,0.0000,0.0000,0.0000,0.0000,0.0000,0.0000
2.0086,1.3235,-0.2292,-2.4020,-1.9023,-0.7433,1.4362,1.8506,1.1485,-0.5552,-1.5884,-1.1682,-0.0637,1.4027,1.1931,0.6770,-1.0778,-1.1964,-1.3482,0.3372,0.8135,1.6657,0.5836,0.0141,-1.2457,-1.0995,-0.7941,0.3034,0.9672,1.0232,0.5356,-0.5407
9.4735,4.2725,1.1161,-2.0813,1.1580,3.6837,5.3075,2.9931,1.2803,-1.7116,-2.5220,0.8261,-0.1616,-0.4032,-1.8553,-0.0080,-2.4323,-1.9408,-0.2317,0.9885,-1.4186,-2.0051,-2.1825,2.4722,2.0248,0.5513,2.2204,0.2599,0.4946,-0.3361,3.1284,2.7321
5.1874,2.9875,0.3008,-1.5139,1.6078,2.4748,1.9308,-0.4153,-1.5425,0.2956,0.6403,0.1455,-2.5227,-0.4364,-0.1882,0.4140,-2.2857,-2.9964,-2.1865,0.3995,2.3110,0.4700,-1.2251,-2.1004,0.1495,-0.2713,0.2341,-1.3775,-0.9112,-1.3509,-1.0071,-0.5429
12.8851,-0.3740,-1.6235,1.8206,-0.7462,-2.1611,-2.1751,3.7925,-0.7600,-0.0817,2.3116,-2.0320,0.1143,-1.7532,-0.2809,-1.3940,-1.6393,0.3786,1.4965,1.5641,-0.0244,2.3082,4.1879,1.0865,-2.2574,-0.0136,0.1971,-2.1476,1.2399,4.2564,-0.0498,-1.6084
9.2825,4.1023,2.3137,1.3902,1.4568,-0.4154,0.7129,3.6460,1.2405,0.9985,2.1071,0.0547,1.5480,-0.6871,-0.5148,1.8958,2.3809,-0.0850,-0.6337,2.2178,0.4449,-2.5658,-0.0378,0.0581,-2.0886,-0.1310,1.4169,3.1511,1.5022,0.7185,0.2622,-1.8253
17.5958,2.3000,-0.2330,0.3637,3.8341,-1.6753,-3.2736,7.8918,1.1457,-0.8759,-0.2733,2.8023,0.4924,-3.8939,3.7862,0.5969,2.7526,1.3637,0.5510,0.6252,-5.9525,0.6766,0.6240,2.2331,-2.7087,-0.1127,2.4380,2.6714,4.9566,2.1504,3.1152,0.2377
15.1636,7.5527,5.5857,0.0697,3.8361,0.2527,2.6929,1.5436,1.3264,-2.0440,-0.5645,-2.2872,-1.4048,-2.2089,1.2341,0.4775,0.3284,-1.4908,-0.5811,0.5075,-0.7735,-1.3568,1.4771,1.4773,0.4288,-0.4699,1.6966,1.6470,1.1990,-0.1870,0.4501,0.1175
9.9417,0.4062,0.2817,2.5388,-0.4623,-0.3151,-1.8688,-3.1572,0.2373,0.8437,0.9606,2.1130,2.1535,0.2377,0.7324,1.4447,-0.0680,0.0219,3.8564,0.0526,-0.4783,2.3127,2.5866,1.0518,-1.0268,0.3374,1.1126,1.3673,1.7611,-1.6777,-0.6286,-0.0100
11.8342,1.2051,-0.2831,1.1643,-0.8734,-2.6577,-3.9178,-0.7787,-0.0393,-0.4205,0.5551,2.0915,1.2276,2.0185,4.2057,-0.7023,0.5547,-0.9774,-3.8588,0.1622,-0.4489,-2.8993,-3.0266,0.4812,-0.0019,-1.4706,0.3995,2.2067,-0.0037,1.7370,-2.8023,0.3650
12.0261,0.6711,-2.8340,-5.1429,2.3850,3.3344,0.0332,-1.0764,-3.6373,3.1984,1.7813,0.3854,-3.8532,1.7633,1.9013,2.8104,-1.5655,-1.1884,-2.8752,-2.5562,0.3585,2.5665,4.9425,-2.6796,0.2197,-0.6878,1.5831,1.0585,2.8230,-2.6248,-3.7336,2.1993
12.3794,4.9537,4.4134,1.0746,-3.0705,-0.8359,3.3176,-1.1128,3.3449,0.0508,-0.0147,0.2781,-0.9080,0.7019,0.3905,0.5104,-0.3370,1.5995,0.5802,0.8142,-1.8650,-0.6741,-1.2846,2.9854,1.6138,2.0232,1.0025,1.4728,1.2313,1.6636,-2.1994,-1.8356
12.6567,1.4852,-0.3962,-1.6616,-2.5193,-0.6922,0.1575,-2.2478,-2.6859,-0.7219,1.7602,2.3778,2.5511,2.1698,-2.3420,-0.6989,0.3722,3.1012,-2.6690,-4.4027,-1.7949,1.5024,3.7237,3.8860,0.6760,-1.2125,2.8713,1.5650,-1.6844,0.3945,-2.2546,-1.7030
12.1290,5.7709,4.8042,1.7132,0.5187,-2.1354,1.1441,1.1002,-0.8438,-2.7738,-0.8311,-5.1257,0.0839,0.6520,1.1729,1.2107,1.3231,-0.3919,-3.1701,-2.5577,-2.1485,-1.4718,0.2545,-0.6160,-1.3083,-0.3835,-3.2661,-2.2291,0.5667,3.0669,-0.8105,1.0333
13.9202,1.3425,-0.4172,0.2322,-3.7339,-2.4580,-0.0668,2.5097,2.7063,-0.4001,-1.2639,-1.6852,-2.9196,-3.5525,-0.5749,1.4321,1.9205,1.6061,-0.0146,1.5046,-1.5239,-0.3728,-3.5892,0.5040,-1.3643,-0.2791,-1.9321,-0.4742,0.0483,-0.9287,-3.4902,-0.1941
10.7380,1.7135,-0.6456,0.1011,2.7003,1.6958,-0.7738,-2.0832,-3.5717,-1.0145,-3.0120,-3.1942,-0.5538,-0.1504,-3.8200,-1.7979,-0.4682,-1.0146,2.0998,0.5961,2.4202,1.6087,4.1261,1.3695,2.4179,4.2918,0.3125,0.9401,-1.3454,-3.4374,-0.9337,-1.0132
16.0035,4.7987,0.8382,-5.3943,-2.3657,-3.6363,-0.0039,2.0497,0.2329,-0.0745,-1.6413,-2.7517,-0.1714,1.6899,-3.2024,-0.7968,-1.2127,3.1161,0.3781,-0.7389,-1.8632,4.1635,2.9430,-0.3909,-3.3301,1.3969,-3.9503,-0.7359,0.9749,2.9558,1.4719,1.4575
10.3078,2.4115,-1.0300,-5.3496,-1.0573,-3.7226,-2.1869,4.0825,2.8459,0.6515,-0.6560,1.6469,-1.8105,-4.6844,1.1093,2.9701,0.5761,-3.1346,-2.4176,0.5129,-3.2613,2.7037,1.7216,3.0201,-4.0043,-0.2436,0.5411,-1.3421,-1.4309,-0.0592,4.0022,-0.1953
12.6457,0.7416,1.0795,5.2831,0.5049,-0.8664,-2.1565,0.3258,-1.0562,-3.1249,-1.5250,-0.3373,-1.0562,-5.2037,0.1545,1.3997,1.0516,-2.1428,1.2021,0.7820,-1.2802,-1.2011,-3.2208,0.0010,-2.1431,-0.7411,3.9979,3.0757,0.8174,1.9663,7.2465,2.3716
14.8711,5.5687,2.1530,-3.6261,-2.4590,-0.7377,2.7965,-0.2365,0.6587,-4.4926,-5.9132,0.9737,-0.8974,-1.7029,-5.0780,-2.6480,2.7854,4.4721,0.1412,2.9337,-3.5833,-4.4484,-1.7100,1.9731,3.7938,4.0242,-3.2587,0.1355,-0.6846,-5.4661,-1.1927,-1.9172
15.0428,4.3418,2.3096,-0.0062,2.2392,0.1063,0.5277,0.6972,0.0004,-3.1746,-4.0036,-1.0628,4.5609,2.3209,0.3244,0.0102,-0.6175,-1.4066,2.2197,-2.1091,-0.7516,0.8301,-1.6690,-1.4191,0.1865,3.4372,4.4912,3.6173,2.2486,-1.7977,2.6071,1.6219
13.9222,3.9229,1.8054,1.6727,2.0986,-2.7030,-4.1895,1.5273,0.9722,-2.2215,-4.0903,-1.3715,0.3489,-5.4109,-4.2271,-2.3447,0.9785,-4.3737,-1.1257,1.4894,-2.1130,-2.8962,0.0919,4.2757,-1.9650,1.4015,1.5993,3.7494,1.1619,2.4377,5.0766,1.3895
11.7879,0.8955,0.4302,2.7283,-3.6501,-2.8008,-2.2686,-3.7402,-1.6744,-1.3773,2.2715,2.2249,4.1895,2.2522,-0.0929,-1.3998,-0.2072,-0.8211,-3.1754,-0.3240,0.1666,-0.1813,1.4051,1.7010,0.7310,2.8442,-0.6503,-1.9468,-3.0721,0.1828,-4.1762,-1.8015
12.7074,-1.0423,-1.6722,4.6436,-0.5636,-1.4661,-3.2324,2.5709,2.4188,0.7314,0.2276,2.3722,1.6493,-0.1313,3.2093,0.3121,1.2851,-0.7494,-0.7858,-1.7002,-2.1007,2.2297,-0.4229,-1.7422,-0.1143,2.6055,-2.1440,-2.0996,1.3285,0.8354,-0.9149,-3.1982
13.1448,3.7984,1.2301,-2.9579,-0.6684,-0.2280,1.4402,-2.2572,1.1349,1.3378,2.5488,3.0036,0.0935,-1.5784,-2.8029,0.0784,-0.4444,1.3139,2.9495,0.7650,-1.4805,-1.6401,-1.7561,-0.0570,-0.4774,-0.7237,-0.0893,-0.7494,1.3824,1.4903,0.5411,1.4070
10.9550,2.2422,-0.2671,-1.8873,-1.0129,-3.5682,-3.4660,0.7518,1.6174,-1.2582,-3.6984,1.3043,2.4058,0.2427,0.7348,1.6919,1.8204,-1.1055,-0.2874,-0.0082,0.1306,-0.4216,-5.7116,1.0375,-2.3985,-0.3422,1.9936,3.8677,0.7858,-0.9422,-3.2963,-2.2993
13.7682,2.5302,0.2130,-1.0576,1.0951,0.0219,-0.7875,0.9709,-0.4728,1.6855,2.0277,1.7449,0.7051,-0.7598,-0.0679,4.6220,-0.2418,-3.5820,0.0712,0.3895,2.8129,1.0763,-2.4175,-0.3267,1.1377,-0.7195,-3.5613,-4.3301,-2.3283,-3.9207,-0.5377,-0.4401
15.1431,4.6838,1.7798,-2.0342,-1.0827,0.3795,2.4745,0.6740,4.0121,1.2570,0.2666,4.8654,1.0163,-0.8081,-2.9560,-1.0914,1.2821,0.5341,-3.3804,-2.2567,-2.6959,-1.7948,-3.8844,-3.9992,-1.0661,2.7076,1.9038,0.6802,-2.7026,-5.6039,-3.1248,-1.2818
11.8633,0.6801,-1.9128,-0.7559,0.0530,-1.6794,-2.5139,4.0888,0.2600,1.5854,-1.0438,-3.4909,-0.3850,-1.1754,-3.3134,-0.1665,2.2038,0.8321,-2.1969,-1.1570,2.4990,2.2087,0.1591,1.7483,1.4012,1.3470,-2.1179,3.2939,0.9099,-1.8026,-1.5027,1.1319
12.8504,5.1580,2.8110,-1.3710,0.1582,-0.3190,2.7924,0.3912,-2.2290,-0.1885,3.1128,-0.6191,-0.0574,-1.4004,-6.2906,-2.5429,-2.3678,0.1611,-1.5918,1.1888,-0.3363,-1.1546,0.7221,-2.6990,-2.7970,1.8526,2.6484,1.2080,-0.8568,-1.8892,-2.9788,-3.1484
14.7030,3.5716,2.0609,2.7886,4.6984,-0.6020,-3.7960,1.0909,0.8253,-3.6301,-7.1474,-1.3476,0.9262,-1.3208,1.7517,-0.0792,5.1995,1.7221,2.8993,1.6221,4.4080,3.5324,-0.5737,3.3863,0.5805,-0.7746,-1.2951,1.2127,-0.4259,-0.3873,0.6240,1.4309
13.0020,1.6454,1.8153,1.8607,3.8052,-3.7562,-4.0360,2.9392,-1.9812,-4.6021,-0.1536,-0.1487,2.2355,-2.3490,4.6152,0.2633,1.1561,-0.1116,-0.1809,-3.5394,-5.8012,-1.6554,-3.2012,-1.7466,-1.0968,-2.4259,-1.4030,1.1786,4.2095,1.2675,5.3525,4.4244
10.2077,-2.5904,-3.1325,2.7502,-0.7795,2.7155,0.6892,-0.3831,-0.5152,-2.4012,-2.5900,1.5638,-1.5326,-1.2456,-0.9729,-2.8563,-0.9826,0.0104,0.5973,1.8803,-3.1251,-1.0559,4.3871,0.5934,0.8697,1.7935,-2.2138,1.5212,4.0652,-1.0044,0.9349,-1.7708
11.9855,-0.0644,-0.2831,1.3454,4.5717,-0.4942,-2.2912,2.3601,-0.2748,0.4771,1.2347,-3.2076,2.6374,0.5330,1.4188,-1.3610,2.7727,-1.5048,-1.4803,0.7394,3.4633,-2.2689,0.8872,-1.1220,0.4253,-0.1203,0.6521,0.2203,-0.7968,-0.9161,-0.6566,-2.4117
15.2250,3.6803,1.0810,-4.7474,-4.8399,-4.9720,-0.6414,-2.1284,-2.1383,-0.0591,2.0089,-2.1013,0.5325,3.0290,0.0739,1.0086,-1.1565,2.9249,-0.5898,0.6731,-0.2103,-1.9405,-3.8878,0.6420,0.7579,1.8701,4.5349,3.2941,-5.7479,-3.0348,-4.9187,-0.9898
13.0798,3.6897,3.3510,0.4675,-0.0641,0.1475,2.4701,-1.6395,2.0755,-0.9446,2.7745,6.0222,3.0359,1.3218,2.3210,-2.0124,2.3097,2.4592,-2.0126,0.5034,0.9155,0.0866,0.1421,-1.4593,1.3655,0.9589,3.0988,3.5989,3.5346,1.5181,-0.1212,1.0171
10.7150,-0.1105,-1.5558,2.1408,0.3112,1.6260,-2.6632,-3.1729,0.5268,2.1670,-1.0375,-0.2491,-1.1444,2.6873,2.8190,-2.2136,-0.3153,1.5054,1.7760,-1.4321,-0.0063,0.4522,3.6135,0.4163,-1.7370,-1.0610,2.7985,0.7158,-0.8501,2.6039,-1.7697,2.4351
14.1629,0.4909,0.1840,2.8416,3.0720,0.4084,-0.4166,3.1043,-2.6783,-3.9963,-0.7311,-0.3972,0.6473,-2.9115,0.8980,-1.6915,-2.3031,0.0871,2.6047,-0.1107,-0.7605,1.5277,-3.8221,-3.1619,0.8048,2.4741,4.9345,-4.2694,0.7186,3.8964,3.3208,0.1926
12.8435,0.6515,-0.6186,-0.5109,-1.0216,-0.0941,0.7679,-0.7225,0.9086,-2.0421,-2.6644,1.5069,1.1761,0.9416,0.8804,-0.8043,-1.3840,-1.4280,0.8636,-0.0169,-3.3061,-3.6157,0.0985,2.7477,1.5721,-0.2137,-0.1416,-2.0088,-1.5440,-1.3406,3.3926,-0.5813
4.0002,2.5241,2.0572,2.0385,2.2135,2.3333,2.4145,0.9320,-0.4426,-0.0055,1.0795,-1.3200,-0.5074,-1.1074,-1.7834,-1.0524,-1.3383,-1.8509,-1.5227,-1.1953,-1.2372,-2.0907,0.0575,-0.6202,0.1851,0.1083,-0.8027,-0.1345,2.0422,1.3246,1.0146,-0.1875
0.5984,0.8308,0.7853,0.7114,0.6118,0.4903,0.3515,0.2006,0.0432,-0.1148,-0.2676,-0.4096,-0.5356,-0.6410,-0.7222,-0.7764,-0.8019,-0.7981,-0.7655,-0.7056,-0.6211,-0.5155,-0.3929,-0.2581,-0.1165,0.0267,0.1661,0.2966,0.4136,0.5130,0.5915,0.6466
0.9951,1.3798,1.2986,1.1669,0.9900,0.7750,0.5305,0.2663,-0.0070,-0.2787,-0.5379,-0.7744,-0.9791,-1.1440,-1.2629,-1.3314,-1.3473,-1.3105,-1.2229,-1.0886,-0.9134,-0.7048,-0.4715,-0.2231,0.0302,0.2782,0.5112,0.7200,0.8967,1.0346,1.1290,1.1768
0.7995,1.1080,1.0412,0.9329,0.7876,0.6111,0.4109,0.1949,-0.0279,-0.2486,-0.4581,-0.6481,-0.8110,-0.9404,-1.0312,-1.0800,-1.0853,-1.0471,-0.9675,-0.8500,-0.6999,-0.5235,-0.3283,-0.1225,0.0854,0.2868,0.4738,0.6388,0.7754,0.8785,0.9444,0.9710
0.0000,0.0000,0.0000,0.0000,0.0000,0.0000,0.0000,0.0000,0.0000,0.0000,0.0000,0.0000,0.0000,0.0000,0.0000,0.0000,0.0000,0.0000,0.0000,0.0000,0.0000,0.0000,0.0000,0.0000,0.0000,0.0000,0.0000,0.0000,0.0000,0.0000,0.0000,0.0000
0.0000,0.0000,0.0000,0.0000,0.0000,0.0000,0.0000,0.0000,0.0000,0.0000,0.0000,0.0000,0.0000,0.0000,0.0000,0.0000,0.0000,0.0000,0.0000,0.0000,0.0000,0.0000,0.0000,0.0000,0.0000,0.0000,0.0000,0.0000,0.0000,0.0000,0.0000,0.0000
0.0000,0.0000,0.0000,0.0000,0.0000,0.0000,0.0000,0.0000,0.0000,0.0000,0.0000,0.0000,0.0000,0.0000,0.0000,0.0000,0.0000,0.0000,0.0000,0.0000,0.0000,0.0000,0.0000,0.0000,0.0000,0.0000,0.0000,0.0000,0.0000,0.0000,0.0000,0.0000
0.0000,0.0000,0.0000,0.0000,0.0000,0.0000,0.0000,0.0000,0.0000,0.0000,0.0000,0.0000,0.0000,0.0000,0.0000,0.0000,0.0000,0.0000,0.0000,0.0000,0.0000,0.0000,0.0000,0.0000,0.0000,0.0000,0.0000,0.0000,0.0000,0.0000,0.0000,0.0000
0.2309,0.3213,0.3060,0.2810,0.2471,0.2055,0.1574,0.1046,0.0485,-0.0088,-0.0657,-0.1202,-0.1707,-0.2155,-0.2533,-0.2829,-0.3034,-0.3142,-0.3150,-0.3059,-0.2873,-0.2599,-0.2246,-0.1826,-0.1354,-0.0844,-0.0313,0.0221,0.0741,0.1232,0.1678,0.2066
1.8949,2.4727,2.4849,2.0928,1.9312,1.3933,1.1062,0.4851,0.1394,-0.4891,-0.8194,-1.3786,-1.6243,-2.0489,-2.1574,-2.4035,-2.3469,-2.3980,-2.1774,-2.0464,-1.6904,-1.4161,-0.9756,-0.6151,-0.1542,0.2270,0.6419,0.9813,1.2924,1.5401,1.7068,1.8332
1.9204,2.4482,2.5305,2.0866,2.0021,1.4178,1.2093,0.5416,0.2697,-0.4116,-0.6788,-1.3017,-1.4991,-2.0004,-2.0761,-2.4100,-2.3333,-2.4785,-2.2443,-2.2060,-1.8351,-1.6433,-1.1786,-0.8827,-0.3821,-0.0423,0.4306,0.7530,1.1390,1.3912,1.6442,1.7898
0.4019,0.5603,0.5365,0.4975,0.4446,0.3791,0.3029,0.2183,0.1275,0.0332,-0.0620,-0.1554,-0.2443,-0.3262,-0.3989,-0.4602,-0.5085,-0.5425,-0.5611,-0.5638,-0.5508,-0.5222,-0.4789,-0.4223,-0.3539,-0.2756,-0.1897,-0.0987,-0.0050,0.0886,0.1795,0.2652
0.7398,1.0284,0.9757,0.8900,0.7743,0.6326,0.4701,0.2925,0.1060,-0.0829,-0.2676,-0.4417,-0.5994,-0.7352,-0.8447,-0.9245,-0.9721,-0.9863,-0.9671,-0.9157,-0.8343,-0.7263,-0.5958,-0.4478,-0.2877,-0.1213,0.0456,0.2073,0.3582,0.4934,0.6088,0.7009
1.4419,2.0025,1.8939,1.7176,1.4801,1.1905,0.8596,0.4999,0.1247,-0.2519,-0.6162,-0.9547,-1.2553,-1.5072,-1.7019,-1.8328,-1.8960,-1.8902,-1.8167,-1.6794,-1.4844,-1.2402,-0.9568,-0.6454,-0.3183,0.0119,0.3330,0.6332,0.9018,1.1297,1.3095,1.4359
1.6644,2.3117,2.1872,1.9849,1.7125,1.3801,1.0003,0.5871,0.1561,-0.2769,-0.6960,-1.0859,-1.4327,-1.7241,-1.9501,-2.1034,-2.1793,-2.1762,-2.0957,-1.9420,-1.7222,-1.4457,-1.1239,-0.7696,-0.3968,-0.0197,0.3476,0.6918,1.0007,1.2638,1.4727,1.6213
0.8945,1.2421,1.1742,1.0639,0.9154,0.7342,0.5273,0.3022,0.0676,-0.1679,-0.3956,-0.6071,-0.7947,-0.9518,-1.0727,-1.1535,-1.1917,-1.1863,-1.1381,-1.0496,-0.9247,-0.7685,-0.5874,-0.3885,-0.1796,0.0314,0.2367,0.4287,0.6005,0.7464,0.8614,0.9421
1.0634,1.4768,1.3965,1.2661,1.0905,0.8763,0.6315,0.3654,0.0878,-0.1910,-0.4606,-0.7112,-0.9338,-1.1204,-1.2645,-1.3614,-1.4080,-1.4034,-1.3484,-1.2459,-1.1005,-0.9182,-0.7066,-0.4739,-0.2292,0.0181,0.2588,0.4842,0.6862,0.8579,0.9938,1.0897
1.2313,1.7101,1.6177,1.4675,1.2652,1.0185,0.7364,0.4297,0.1097,-0.2118,-0.5230,-0.8125,-1.0698,-1.2860,-1.4535,-1.5668,-1.6225,-1.6193,-1.5583,-1.4427,-1.2777,-1.0703,-0.8290,-0.5633,-0.2836,-0.0006,0.2752,0.5338,0.7660,0.9639,1.1211,1.2330
0.6270,0.8711,0.8250,0.7501,0.6490,0.5255,0.3840,0.2298,0.0683,-0.0946,-0.2531,-0.4015,-0.5347,-0.6480,-0.7376,-0.8005,-0.8347,-0.8395,-0.8149,-0.7624,-0.6840,-0.5831,-0.4636,-0.3300,-0.1874,-0.0410,0.1039,0.2422,0.3691,0.4804,0.5724,0.6424
0.6449,0.8961,0.8489,0.7722,0.6688,0.5424,0.3975,0.2394,0.0739,-0.0932,-0.2560,-0.4086,-0.5458,-0.6627,-0.7556,-0.8212,-0.8576,-0.8638,-0.8401,-0.7876,-0.7087,-0.6064,-0.4849,-0.3488,-0.2031,-0.0531,0.0957,0.2381,0.3693,0.4848,0.5809,0.6547
1.5791,2.1927,2.0728,1.8780,1.6158,1.2962,0.9312,0.5348,0.1217,-0.2924,-0.6923,-1.0631,-1.3914,-1.6654,-1.8755,-2.0148,-2.0791,-2.0670,-1.9802,-1.8232,-1.6032,-1.3295,-1.0135,-0.6679,-0.3063,0.0573,0.4092,0.7364,1.0273,1.2717,1.4618,1.5920
2.0850,2.5465,2.7399,2.1412,2.1468,1.3953,1.2632,0.4277,0.2278,-0.6092,-0.7990,-1.5538,-1.6612,-2.2624,-2.2327,-2.6322,-2.4371,-2.6164,-2.2583,-2.2304,-1.7415,-1.5471,-0.9832,-0.6828,-0.1133,0.2235,0.7270,1.0340,1.4091,1.6336,1.8371,1.9480
1.1979,1.6617,1.5656,1.4097,1.2002,0.9454,0.6554,0.3416,0.0163,-0.3077,-0.6178,-0.9019,-1.1492,-1.3503,-1.4978,-1.5864,-1.6132,-1.5778,-1.4824,-1.3315,-1.1315,-0.8911,-0.6202,-0.3300,-0.0322,0.2615,0.5395,0.7911,1.0068,1.1790,1.3015,1.3706
0.1102,0.1532,0.1452,0.1323,0.1149,0.0936,0.0691,0.0423,0.0141,-0.0144,-0.0422,-0.0685,-0.0923,-0.1128,-0.1293,-0.1412,-0.1482,-0.1501,-0.1468,-0.1385,-0.1256,-0.1085,-0.0878,-0.0644,-0.0391,-0.0128,0.0136,0.0392,0.0631,0.0844,0.1025,0.1168
0.0000,0.0000,0.0000,0.0000,0.0000,0.0000,0.0000,0.0000,0.0000,0.0000,0.0000,0.0000,0.0000,0.0000,0.0000,0.0000,0.0000,0.0000,0.0000,0.0000,0.0000,0.0000,0.0000,0.0000,0.0000,0.0000,0.0000,0.0000,0.0000,0.0000,0.0000,0.0000
0.1672,0.2316,0.2172,0.1940,0.1628,0.1249,0.0820,0.0357,-0.0121,-0.0593,-0.1040,-0.1445,-0.1790,-0.2062,-0.2249,-0.2343,-0.2342,-0.2245,-0.2055,-0.1782,-0.1437,-0.1032,-0.0587,-0.0117,0.0356,0.0814,0.1238,0.1610,0.1916,0.2143,0.2282,0.2328
0.4007,0.5564,0.5257,0.4760,0.4090,0.3273,0.2340,0.1325,0.0267,-0.0795,-0.1822,-0.2776,-0.3621,-0.4327,-0.4870,-0.5231,-0.5397,-0.5365,-0.5139,-0.4728,-0.4151,-0.3430,-0.2596,-0.1680,-0.0718,0.0255,0.1200,0.2084,0.2875,0.3546,0.4073,0.4439
0.0893,0.1245,0.1192,0.1105,0.0988,0.0842,0.0672,0.0483,0.0281,0.0071,-0.0141,-0.0350,-0.0548,-0.0731,-0.0893,-0.1030,-0.1138,-0.1214,-0.1255,-0.1261,-0.1231,-0.1167,-0.1070,-0.0942,-0.0788,-0.0611,-0.0417,-0.0212,-0.0000,0.0212,0.0417,0.0611
0.3256,0.4523,0.4280,0.3886,0.3354,0.2705,0.1962,0.1151,0.0304,-0.0550,-0.1379,-0.2154,-0.2847,-0.3434,-0.3894,-0.4212,-0.4378,-0.4386,-0.4240,-0.3945,-0.3514,-0.2964,-0.2317,-0.1597,-0.0832,-0.0050,0.0721,0.1453,0.2120,0.2699,0.3171,0.3520
0.4926,0.6836,0.6450,0.5822,0.4978,0.3950,0.2777,0.1506,0.0184,-0.1138,-0.2408,-0.3581,-0.4610,-0.5458,-0.6095,-0.6498,-0.6653,-0.6557,-0.6217,-0.5649,-0.4877,-0.3932,-0.2854,-0.1686,-0.0473,0.0737,0.1898,0.2966,0.3902,0.4672,0.5250,0.5618
0.0010,0.0014,0.0013,0.0012,0.0010,0.0008,0.0005,0.0002,-0.0000,-0.0003,-0.0006,-0.0009,-0.0011,-0.0013,-0.0014,-0.0014,-0.0015,-0.0014,-0.0013,-0.0011,-0.0009,-0.0007,-0.0004,-0.0002,0.0001,0.0004,0.0007,0.0009,0.0011,0.0013,0.0014,0.0015
0.3322,0.4615,0.4366,0.3961,0.3415,0.2749,0.1987,0.1157,0.0289,-0.0585,-0.1432,-0.2223,-0.2929,-0.3525,-0.3990,-0.4309,-0.4471,-0.4471,-0.4312,-0.4002,-0.3552,-0.2982,-0.2314,-0.1573,-0.0788,0.0013,0.0800,0.1544,0.2220,0.2803,0.3275,0.3620
0.2211,0.3065,0.2884,0.2590,0.2196,0.1716,0.1170,0.0579,-0.0033,-0.0641,-0.1223,-0.1754,-0.2215,-0.2587,-0.2855,-0.3011,-0.3048,-0.2965,-0.2766,-0.2461,-0.2061,-0.1583,-0.1047,-0.0474,0.0113,0.0689,0.1234,0.1724,0.2142,0.2471,0.2699,0.2817
0.0596,0.0826,0.0776,0.0695,0.0586,0.0454,0.0304,0.0141,-0.0027,-0.0194,-0.0353,-0.0498,-0.0624,-0.0724,-0.0795,-0.0835,-0.0841,-0.0813,-0.0753,-0.0663,-0.0546,-0.0408,-0.0253,-0.0088,0.0081,0.0246,0.0402,0.0541,0.0659,0.0750,0.0811,0.0840
0.0000,0.0000,0.0000,0.0000,0.0000,0.0000,0.0000,0.0000,0.0000,0.0000,0.0000,0.0000,0.0000,0.0000,0.0000,0.0000,0.0000,0.0000,0.0000,0.0000,0.0000,0.0000,0.0000,0.0000,0.0000,0.0000,0.0000,0.0000,0.0000,0.0000,0.0000,0.0000
0.0000,0.0000,0.0000,0.0000,0.0000,0.0000,0.0000,0.0000,0.0000,0.0000,0.0000,0.0000,0.0000,0.0000,0.0000,0.0000,0.0000,0.0000,0.0000,0.0000,0.0000,0.0000,0.0000,0.0000,0.0000,0.0000,0.0000,0.0000,0.0000,0.0000,0.0000,0.0000
0.0000,0.0000,0.0000,0.0000,0.0000,0.0000,0.0000,0.0000,0.0000,0.0000,0.0000,0.0000,0.0000,0.0000,0.0000,0.0000,0.0000,0.0000,0.0000,0.0000,0.0000,0.0000,0.0000,0.0000,0.0000,0.0000,0.0000,0.0000,0.0000,0.0000,0.0000,0.0000
0.0718,0.0995,0.0935,0.0838,0.0706,0.0547,0.0366,0.0170,-0.0033,-0.0234,-0.0426,-0.0601,-0.0752,-0.0873,-0.0959,-0.1006,-0.1013,-0.0980,-0.0908,-0.0799,-0.0658,-0.0491,-0.0305,-0.0106,0.0098,0.0297,0.0484,0.0652,0.0794,0.0904,0.0978,0.1013
0.0000,0.0000,0.0000,0.0000,0.0000,0.0000,0.0000,0.0000,0.0000,0.0000,0.0000,0.0000,0.0000,0.0000,0.0000,0.0000,0.0000,0.0000,0.0000,0.0000,0.0000,0.0000,0.0000,0.0000,0.0000,0.0000,0.0000,0.0000,0.0000,0.0000,0.0000,0.0000
0.1161,0.1614,0.1530,0.1394,0.1210,0.0986,0.0727,0.0445,0.0149,-0.0152,-0.0445,-0.0722,-0.0973,-0.1189,-0.1362,-0.1488,-0.1562,-0.1581,-0.1547,-0.1459,-0.1323,-0.1142,-0.0925,-0.0678,-0.0411,-0.0134,0.0144,0.0414,0.0665,0.0890,0.1081,0.1231
0.0641,0.0894,0.0856,0.0794,0.0709,0.0604,0.0482,0.0347,0.0202,0.0051,-0.0102,-0.0251,-0.0393,-0.0525,-0.0641,-0.0740,-0.0817,-0.0871,-0.0901,-0.0905,-0.0884,-0.0838,-0.0768,-0.0676,-0.0565,-0.0439,-0.0299,-0.0152,-0.0000,0.0152,0.0299,0.0439
0.0609,0.0848,0.0812,0.0753,0.0673,0.0573,0.0458,0.0329,0.0191,0.0048,-0.0096,-0.0238,-0.0373,-0.0498,-0.0609,-0.0702,-0.0775,-0.0827,-0.0855,-0.0859,-0.0839,-0.0795,-0.0729,-0.0642,-0.0537,-0.0416,-0.0284,-0.0144,-0.0000,0.0144,0.0284,0.0416
0.0504,0.0703,0.0673,0.0624,0.0558,0.0475,0.0379,0.0273,0.0159,0.0040,-0.0080,-0.0197,-0.0309,-0.0413,-0.0504,-0.0582,-0.0642,-0.0685,-0.0709,-0.0712,-0.0695,-0.0659,-0.0604,-0.0532,-0.0445,-0.0345,-0.0236,-0.0119,-0.0000,0.0119,0.0236,0.0345
0.2910,0.4026,0.3762,0.3335,0.2765,0.2075,0.1297,0.0464,-0.0386,-0.1217,-0.1992,-0.2679,-0.3247,-0.3672,-0.3937,-0.4031,-0.3951,-0.3702,-0.3295,-0.2750,-0.2091,-0.1347,-0.0551,0.0262,0.1056,0.1799,0.2459,0.3008,0.3424,0.3690,0.3799,0.3745
0.5134,0.7032,0.6359,0.5287,0.3886,0.2248,0.0481,-0.1302,-0.2984,-0.4460,-0.5635,-0.6440,-0.6826,-0.6776,-0.6301,-0.5439,-0.4253,-0.2827,-0.1257,0.0352,0.1895,0.3275,0.4407,0.5225,0.5685,0.5771,0.5487,0.4866,0.3959,0.2837,0.1579,0.0272
1.5252,1.7795,1.9110,1.3079,1.2370,0.4873,0.3080,-0.4705,-0.6398,-1.3216,-1.3712,-1.8553,-1.7136,-1.9486,-1.6005,-1.5957,-1.0853,-0.9046,-0.3216,-0.0637,0.4822,0.7126,1.1208,1.2411,1.4459,1.4165,1.4012,1.2326,1.0301,0.7762,0.4555,0.1953
0.7103,0.9710,0.8729,0.7170,0.5140,0.2779,0.0248,-0.2278,-0.4630,-0.6650,-0.8204,-0.9193,-0.9557,-0.9281,-0.8394,-0.6966,-0.5103,-0.2940,-0.0631,0.1667,0.3796,0.5617,0.7015,0.7906,0.8243,0.8021,0.7271,0.6061,0.4489,0.2673,0.0747,-0.1155
0.0000,0.0000,0.0000,0.0000,0.0000,0.0000,0.0000,0.0000,0.0000,0.0000,0.0000,0.0000,0.0000,0.0000,0.0000,0.0000,0.0000,0.0000,0.0000,0.0000,0.0000,0.0000,0.0000,0.0000,0.0000,0.0000,0.0000,0.0000,0.0000,0.0000,0.0000,0.0000
0.0000,0.0000,0.0000,0.0000,0.0000,0.0000,0.0000,0.0000,0.0000,0.0000,0.0000,0.0000,0.0000,0.0000,0.0000,0.0000,0.0000,0.0000,0.0000,0.0000,0.0000,0.0000,0.0000,0.0000,0.0000,0.0000,0.0000,0.0000,0.0000,0.0000,0.0000,0.0000
0.0000,0.0000,0.0000,0.0000,0.0000,0.0000,0.0000,0.0000,0.0000,0.0000,0.0000,0.0000,0.0000,0.0000,0.0000,0.0000,0.0000,0.0000,0.0000,0.0000,0.0000,0.0000,0.0000,0.0000,0.0000,0.0000,0.0000,0.0000,0.0000,0.0000,0.0000,0.0000
0.3440,0.4686,0.4163,0.3336,0.2266,0.1033,-0.0270,-0.1547,-0.2704,-0.3655,-0.4331,-0.4684,-0.4692,-0.4356,-0.3706,-0.2792,-0.1685,-0.0470,0.0762,0.1919,0.2918,0.3687,0.4172,0.4344,0.4196,0.3744,0.3029,0.2110,0.1058,-0.0044,-0.1115,-0.2075
0.6204,0.8449,0.7500,0.5999,0.4058,0.1825,-0.0535,-0.2843,-0.4928,-0.6636,-0.7842,-0.8459,-0.8448,-0.7815,-0.6613,-0.4939,-0.2922,-0.0717,0.1509,0.3589,0.5372,0.6729,0.7566,0.7831,0.7514,0.6651,0.5319,0.3625,0.1706,-0.0290,-0.2213,-0.3920
0.5471,0.7461,0.6649,0.5363,0.3696,0.1771,-0.0273,-0.2287,-0.4126,-0.5657,-0.6773,-0.7397,-0.7487,-0.7043,-0.6103,-0.4739,-0.3056,-0.1179,0.0754,0.2603,0.4236,0.5540,0.6428,0.6843,0.6765,0.6211,0.5230,0.3903,0.2334,0.0641,-0.1051,-0.2622
0.2965,0.4065,0.3687,0.3082,0.2288,0.1353,0.0336,-0.0702,-0.1698,-0.2588,-0.3320,-0.3848,-0.4140,-0.4177,-0.3958,-0.3496,-0.2819,-0.1969,-0.0999,0.0034,0.1064,0.2029,0.2869,0.3533,0.3980,0.4183,0.4129,0.3821,0.3279,0.2535,0.1636,0.0636
0.7399,1.0100,0.9036,0.7347,0.5152,0.2607,-0.0109,-0.2804,-0.5289,-0.7393,-0.8971,-0.9916,-1.0169,-0.9718,-0.8602,-0.6907,-0.4758,-0.2310,0.0262,0.2779,0.5065,0.6967,0.8360,0.9158,0.9315,0.8836,0.7767,0.6195,0.4239,0.2044,-0.0234,-0.2438
0.9799,1.3360,1.1901,0.9589,0.6594,0.3136,-0.0532,-0.4144,-0.7436,-1.0172,-1.2159,-1.3257,-1.3396,-1.2575,-1.0865,-0.8399,-0.5365,-0.1991,0.1474,0.4779,0.7687,0.9995,1.1549,1.2250,1.2065,1.1028,0.9232,0.6824,0.3994,0.0955,-0.2068,-0.4857
0.2425,0.3323,0.3008,0.2507,0.1849,0.1076,0.0237,-0.0617,-0.1431,-0.2156,-0.2745,-0.3163,-0.3383,-0.3392,-0.3190,-0.2790,-0.2217,-0.1507,-0.0705,0.0140,0.0974,0.1746,0.2407,0.2917,0.3245,0.3371,0.3287,0.3000,0.2527,0.1900,0.1156,0.0343
0.0000,0.0000,0.0000,0.0000,0.0000,0.0000,0.0000,0.0000,0.0000,0.0000,0.0000,0.0000,0.0000,0.0000,0.0000,0.0000,0.0000,0.0000,0.0000,0.0000,0.0000,0.0000,0.0000,0.0000,0.0000,0.0000,0.0000,0.0000,0.0000,0.0000,0.0000,0.0000
0.0000,0.0000,0.0000,0.0000,0.0000,0.0000,0.0000,0.0000,0.0000,0.0000,0.0000,0.0000,0.0000,0.0000,0.0000,0.0000,0.0000,0.0000,0.0000,0.0000,0.0000,0.0000,0.0000,0.0000,0.0000,0.0000,0.0000,0.0000,0.0000,0.0000,0.0000,0.0000
0.0000,0.0000,0.0000,0.0000,0.0000,0.0000,0.0000,0.0000,0.0000,0.0000,0.0000,0.0000,0.0000,0.0000,0.0000,0.0000,0.0000,0.0000,0.0000,0.0000,0.0000,0.0000,0.0000,0.0000,0.0000,0.0000,0.0000,0.0000,0.0000,0.0000,0.0000,0.0000
0.1506,0.2064,0.1872,0.1565,0.1162,0.0687,0.0170,-0.0357,-0.0862,-0.1314,-0.1686,-0.1954,-0.2102,-0.2121,-0.2010,-0.1775,-0.1432,-0.1000,-0.0507,0.0017,0.0540,0.1030,0.1457,0.1794,0.2021,0.2124,0.2097,0.1940,0.1665,0.1287,0.0831,0.0323
0.1693,0.1430,0.2392,0.1426,0.2385,0.1417,0.2373,0.1404,0.2358,0.1387,0.2337,0.1366,0.2313,0.1341,0.2284,0.1311,0.2250,0.1278,0.2213,0.1240,0.2171,0.1199,0.2125,0.1154,0.2075,0.1105,0.2022,0.1053,0.1965,0.0997,0.1904,0.0938
3.7073,3.8042,4.6900,2.7639,3.2491,1.0928,1.4728,-0.5783,-0.0005,-1.6736,-0.7154,-1.8994,-0.5578,-1.3193,0.2553,-0.2669,1.3216,0.8323,2.2372,1.6280,2.7289,1.9322,2.6951,1.7193,2.1772,1.0832,1.3122,0.1933,0.2977,-0.7326,-0.6331,-1.4586
11.5493,9.4626,12.7625,3.6713,6.3339,-1.9251,1.7531,-5.0396,-0.1072,-4.8245,1.5948,-1.8066,3.9902,-0.3265,3.6461,-1.0628,2.4014,-1.7067,1.1682,-2.9056,-0.8356,-4.2532,-2.0237,-4.1792,-1.8150,-2.9912,-0.5302,-0.5806,1.8928,2.2045,3.5707,3.3032
